50
10
3
0.200000	1.433333	0.700000	1.633333	1.066667	0.966667	1.250000	0.166667	0.900000	1.200000	1.083333	1.566667	0.466667	1.300000	0.500000	0.233333	0.416667	0.283333	1.516667	0.650000	1.383333	0.250000	0.933333	0.266667	0.350000	1.016667	1.000000	1.133333	1.466667	0.366667	1.250000	1.033333	0.433333	1.233333	1.150000	1.316667	0.700000	0.683333	0.933333	0.400000	1.033333	1.016667	0.800000	1.183333	0.333333	0.400000	1.133333	1.566667	0.350000	1.166667	
1.540292	1.455378	0.450000	1.129436	1.485976	1.950801	2.157835	0.682825	1.093446	1.644118	
1.229075	1.729523	2.580819	1.219119	1.905912	0.579871	0.103078	2.101934	1.471819	0.834416	
0.509902	1.505199	1.345362	0.726722	0.896172	0.870704	1.175266	1.286954	0.261008	1.025000	
0.515388	2.123970	1.340009	1.366108	0.250000	1.185854	1.623461	1.744456	0.395285	1.660196	
1.983053	0.025000	1.905912	0.811249	2.389691	1.879661	1.725181	0.834416	1.750179	0.925000	
0.919918	1.969296	0.843356	1.309819	0.626997	1.532359	1.903943	1.421267	0.536773	1.725724	
1.708984	0.928036	0.995301	0.866747	1.856071	1.934231	2.013237	0.125000	1.315770	1.343968	
0.735272	1.456022	1.968661	0.751665	1.386092	0.403113	0.520216	1.607210	0.873212	0.640312	
1.478386	1.590990	0.340037	1.202601	1.364734	1.935523	2.176149	0.838525	1.027740	1.713549	
1.636498	2.043588	0.195256	1.619027	1.323820	2.192316	2.496623	1.273038	1.206752	2.119257	
0.877852	1.944544	2.425000	1.286954	1.540292	0.215058	0.375000	2.146654	1.215010	1.061249	
0.285044	1.893575	1.419947	1.114955	0.529741	0.916856	1.334166	1.614001	0.201556	1.369535	
2.007019	0.704450	1.352082	0.990581	2.220923	2.132194	2.126764	0.265754	1.648105	1.375227	
0.670820	2.568195	1.811077	1.785532	0.357946	1.256234	1.739612	2.251944	0.853302	1.985101	
1.702388	1.955761	0.055902	1.581139	1.435705	2.229910	2.510603	1.164313	1.261943	2.089258	
1.660008	0.664267	2.183031	0.675463	2.214159	1.355083	1.093446	1.305038	1.583114	0.355317	
1.505199	1.231361	0.675000	0.936082	1.550806	1.845603	2.010752	0.485412	1.075291	1.449569	
1.957358	2.027468	0.257391	1.744456	1.693554	2.467919	2.728095	1.201041	1.513481	2.258456	
0.751665	1.613420	2.122499	0.930390	1.425000	0.246221	0.395285	1.789204	0.975000	0.760345	
1.040433	2.202981	0.901388	1.546165	0.577170	1.688379	2.087163	1.626730	0.721543	1.954002	
0.500625	1.556037	1.296389	0.785016	0.832166	0.919918	1.241219	1.299279	0.190394	1.098294	
1.245492	1.854218	2.660122	1.330648	1.919798	0.577170	0.180278	2.214159	1.520896	0.958188	
0.835539	1.188486	1.747319	0.450000	1.407569	0.700000	0.765261	1.305038	0.806226	0.492443	
1.151086	2.270050	0.863134	1.632674	0.660019	1.800174	2.198010	1.663205	0.831039	2.051371	
1.376817	0.601041	1.505199	0.226385	1.773415	1.375227	1.352082	0.700446	1.131923	0.637377	
1.202341	1.553222	2.455733	1.054751	1.875167	0.604152	0.167705	1.935362	1.394633	0.657647	
1.160011	0.941409	1.901480	0.388909	1.726992	0.917197	0.800391	1.256234	1.109617	0.176777	
1.044031	2.848794	1.811077	2.085216	0.477624	1.654728	2.136879	2.435416	1.117195	2.336798	
1.740869	0.223607	1.801562	0.570088	2.167083	1.637834	1.505199	0.805062	1.523975	0.707107	
1.882319	2.050000	0.195256	1.726992	1.598828	2.408319	2.682466	1.234150	1.442221	2.238861	
2.008109	0.527376	1.504161	0.925000	2.275549	2.075000	2.031317	0.395285	1.677982	1.258223	
1.000312	1.653028	2.359158	1.059481	1.676678	0.380789	0.134629	1.940522	1.234909	0.756637	
1.990603	1.957837	0.304138	1.711907	1.758728	2.480045	2.723279	1.125278	1.542927	2.226685	
0.592663	1.985101	2.215006	1.256234	1.243232	0.160078	0.632456	2.065188	0.972433	1.153527	
1.838648	0.745822	1.212693	0.869626	2.040833	1.994054	2.019437	0.103078	1.471819	1.296630	
1.392839	1.142639	2.325941	0.805062	2.025617	0.937083	0.601041	1.635925	1.451938	0.301040	
0.937083	1.485345	2.190462	0.869626	1.603122	0.425735	0.301040	1.750179	1.109617	0.601041	
1.370447	1.987775	2.817468	1.487027	2.039608	0.697316	0.340037	2.370258	1.666208	1.098294	
0.892328	2.450128	1.327121	1.722099	0.235850	1.564649	2.015564	1.970406	0.766893	2.050152	
1.732772	0.450694	2.071835	0.640800	2.242348	1.500208	1.281113	1.131923	1.600195	0.498121	
0.350892	2.272939	2.005773	1.487027	0.763217	0.697316	1.182423	2.146072	0.785016	1.556037	
1.525205	1.079641	0.825379	0.832541	1.632674	1.811250	1.941649	0.353553	1.113833	1.340009	
1.309819	1.679658	0.406971	1.196349	1.159741	1.808660	2.085216	0.985203	0.860959	1.693000	
2.475505	0.514782	2.225562	1.303840	2.863782	2.356374	2.161741	1.116076	2.229910	1.372953	
1.293493	0.785016	1.890271	0.348210	1.833712	1.075291	0.937083	1.160011	1.202601	0.176777	
0.998123	2.007642	2.547793	1.377725	1.655483	0.340037	0.360555	2.246108	1.340009	1.113833	
1.179248	1.526843	2.420873	1.020417	1.850676	0.592663	0.182003	1.901480	1.364276	0.629484	
0.025000	1.941649	1.677982	1.151086	0.675463	0.680074	1.129436	1.771475	0.427200	1.303840	
2.340005	0.390512	2.231731	1.171537	2.763377	2.182888	1.969296	1.129436	2.122499	1.188486	
0.933408	1.078483	1.286954	0.340037	1.296389	1.099147	1.241974	0.901388	0.654313	0.789383	
8	12	16	
8	12	16	
8	12	16	
8	12	16	
8	12	16	
8	12	16	
8	12	16	
8	12	16	
8	12	16	
8	12	16	
8	12	16	
8	12	16	
8	12	16	
8	12	16	
8	12	16	
8	12	16	
8	12	16	
8	12	16	
8	12	16	
8	12	16	
1.000000	1.000000	1.000000	
1.000000	1.000000	1.000000	
1.000000	1.000000	1.000000	
1.000000	1.000000	1.000000	
1.000000	1.000000	1.000000	
1.000000	1.000000	1.000000	
1.000000	1.000000	1.000000	
1.000000	1.000000	1.000000	
1.000000	1.000000	1.000000	
1.000000	1.000000	1.000000	
0.500000
64