50
10
3
0.650000	0.916667	0.550000	0.483333	1.283333	0.833333	1.533333	0.466667	0.300000	1.400000	0.616667	0.833333	0.433333	0.766667	0.383333	0.800000	0.833333	1.183333	1.416667	0.950000	0.283333	1.233333	1.500000	0.466667	0.933333	0.883333	0.866667	0.916667	0.166667	0.366667	1.100000	0.666667	0.433333	1.600000	0.466667	1.333333	1.316667	0.183333	1.366667	1.183333	1.316667	1.100000	1.600000	0.783333	1.216667	0.750000	0.816667	0.800000	0.383333	1.233333	
0.100000	1.227294	1.872165	2.096575	1.783606	1.488707	1.796003	1.044330	1.110462	0.850368	
1.216553	0.413824	1.394633	0.980115	0.588430	1.442654	0.956883	1.235162	0.910014	1.680216	
1.640122	1.598828	0.291548	2.037308	1.175266	0.395285	0.583631	2.217121	0.477624	1.325943	
0.951972	0.961769	1.027740	1.636498	1.006231	0.855862	0.879275	1.464795	0.309233	1.068000	
2.125000	1.969296	0.195256	2.252221	1.352082	0.726722	0.675463	2.662705	0.960469	1.755349	
1.142366	0.127475	1.676305	0.915492	0.816241	1.676678	1.248249	0.973717	1.129436	1.765113	
1.457738	0.285044	1.923538	0.594243	0.855132	1.994054	1.431127	1.064483	1.456237	2.125000	
0.430116	0.807001	1.984943	1.671264	1.549597	1.733854	1.754459	0.577170	1.241219	1.328768	
1.178187	2.186464	1.900164	3.005412	2.440415	1.328768	2.140385	2.122499	1.375682	0.369121	
1.234150	2.149564	1.701654	2.939813	2.322848	1.125000	1.976424	2.178302	1.229837	0.302076	
2.002030	0.900347	1.740869	0.443001	0.498121	2.013237	1.167262	1.765290	1.565647	2.460183	
1.720465	1.975158	0.604152	2.506118	1.666208	0.176777	1.079641	2.458785	0.726722	1.119431	
1.375227	2.191461	1.541509	2.945017	2.272664	0.961769	1.868321	2.306648	1.160011	0.427931	
0.976281	0.883530	2.483068	1.575198	1.779923	2.300679	2.156965	0.035355	1.779396	1.916377	
2.158269	0.989002	2.113203	0.158114	0.867828	2.360747	1.541509	1.750000	1.886796	2.723279	
1.937298	1.463087	0.570636	1.625192	0.726722	1.026219	0.111803	2.263018	0.875357	1.874166	
0.721543	1.750893	1.782730	2.589643	2.098362	1.264170	1.902630	1.667708	1.125278	0.291548	
1.765290	1.180042	0.794512	1.352082	0.452769	1.133578	0.225000	2.003902	0.831039	1.842044	
1.109617	0.750000	2.448724	1.375909	1.650757	2.316247	2.081015	0.246221	1.779220	2.025617	
1.128051	2.105053	1.800694	2.916869	2.341207	1.231361	2.037308	2.074398	1.273038	0.270416	
0.760345	0.989002	1.185591	1.738174	1.179248	0.925000	1.079352	1.360606	0.425735	0.921954	
0.550568	1.719920	2.130874	2.589643	2.240675	1.650947	2.164486	1.419947	1.412887	0.721110	
1.273283	0.380789	2.182029	0.926350	1.237942	2.152324	1.745888	0.675000	1.601757	2.079814	
0.395285	1.569235	2.090753	2.440415	2.121320	1.640122	2.084017	1.264170	1.352082	0.784618	
1.967867	1.643548	0.320156	1.875667	0.975320	0.840387	0.301040	2.394394	0.831039	1.775704	
0.406971	0.784618	1.895554	1.655295	1.488498	1.644878	1.672199	0.657647	1.151086	1.267379	
0.927699	0.863496	2.440927	1.576785	1.755883	2.253470	2.121320	0.035355	1.733854	1.866815	
0.809707	1.643358	1.467353	2.440543	1.867652	0.950329	1.612452	1.726630	0.834416	0.212132	
1.355083	1.662077	0.728869	2.270050	1.491643	0.212132	1.017657	2.095382	0.419076	0.859142	
2.062311	0.887764	2.211476	0.079057	0.975000	2.411561	1.650757	1.579953	1.912132	2.690725	
0.261008	0.922293	1.786232	1.792345	1.525000	1.488498	1.622113	0.851469	1.025914	1.061249	
1.275000	1.752320	0.950329	2.418677	1.679472	0.388104	1.241471	2.088660	0.570088	0.649038	
1.396648	1.550202	0.577170	2.107724	1.305038	0.251247	0.816241	2.061553	0.304138	1.025305	
1.299279	2.005773	1.305996	2.732215	2.036695	0.726722	1.622113	2.200568	0.921954	0.425735	
0.025000	1.163239	1.945026	2.035313	1.775704	1.585284	1.834734	0.921954	1.180042	0.975320	
2.037308	1.434617	0.776611	1.485345	0.608790	1.235162	0.269258	2.276236	1.039832	2.050000	
1.680774	1.332760	0.500000	1.644118	0.759111	0.813173	0.182003	2.074398	0.600521	1.603317	
1.892254	0.803508	1.672760	0.475657	0.427931	1.923051	1.104536	1.679658	1.465009	2.350532	
0.534439	0.840015	1.467353	1.667708	1.262191	1.211662	1.300000	1.075291	0.715017	1.012423	
0.948683	1.364276	2.761340	2.101339	2.232991	2.478155	2.520045	0.500625	2.010752	1.870328	
1.770946	1.775528	0.226385	2.201846	1.328533	0.353553	0.700446	2.382357	0.625000	1.368622	
0.190394	1.210372	1.768120	2.073192	1.718284	1.382932	1.703856	1.107079	1.007782	0.781425	
1.877665	1.085415	1.099147	1.077613	0.201556	1.440703	0.522015	1.963734	1.089151	2.081466	
2.255272	1.967867	0.375832	2.153631	1.258968	0.951315	0.608790	2.717651	1.095730	1.962938	
1.789204	0.827647	1.393287	0.750417	0.150000	1.656050	0.826514	1.723550	1.220912	2.149564	
1.043132	0.347311	2.071382	1.098294	1.248249	1.990760	1.680030	0.553399	1.442654	1.858090	
0.956883	1.122776	0.976281	1.802776	1.144825	0.721543	0.928036	1.569235	0.212132	0.928036	
1.239456	1.403567	0.704450	2.001406	1.237942	0.403113	0.831039	1.894235	0.152069	0.958188	
0.125000	1.198176	2.050152	2.069118	1.850169	1.690599	1.931321	0.869626	1.285010	1.051190	
2.226685	1.891593	0.406971	2.055480	1.163239	0.986471	0.525595	2.657536	1.077033	1.978952	
8	12	16	
8	12	16	
8	12	16	
8	12	16	
8	12	16	
8	12	16	
8	12	16	
8	12	16	
8	12	16	
8	12	16	
8	12	16	
8	12	16	
8	12	16	
8	12	16	
8	12	16	
8	12	16	
8	12	16	
8	12	16	
8	12	16	
8	12	16	
1.000000	1.000000	1.000000	
1.000000	1.000000	1.000000	
1.000000	1.000000	1.000000	
1.000000	1.000000	1.000000	
1.000000	1.000000	1.000000	
1.000000	1.000000	1.000000	
1.000000	1.000000	1.000000	
1.000000	1.000000	1.000000	
1.000000	1.000000	1.000000	
1.000000	1.000000	1.000000	
0.200000
80