50
10
3
1.416667	0.600000	1.450000	0.850000	1.233333	1.300000	1.366667	0.350000	0.883333	1.300000	0.883333	1.550000	1.450000	0.250000	1.566667	0.250000	0.700000	0.750000	1.033333	0.716667	0.300000	0.666667	1.200000	1.333333	1.050000	0.233333	1.150000	1.466667	1.516667	0.333333	1.350000	1.283333	1.050000	1.550000	0.350000	1.300000	1.416667	0.183333	1.583333	1.016667	0.766667	0.900000	0.483333	0.633333	0.666667	0.900000	0.666667	0.983333	0.716667	1.383333	
0.784618	1.408013	0.403887	2.002811	1.874166	1.343968	1.913439	0.325960	1.573412	0.894427	
1.576785	2.474495	1.281113	0.753741	0.896172	0.581485	1.522539	1.636498	1.875167	0.445112	
0.125000	0.840387	1.132751	2.156965	1.852363	1.382932	1.553222	0.743303	0.939747	1.196349	
0.111803	0.800391	1.253994	2.176149	1.845434	1.396648	1.488498	0.866386	0.827647	1.258223	
1.185854	1.525819	2.302444	2.221064	1.717010	1.575793	0.896172	2.025617	0.355317	1.842044	
1.360147	2.270050	1.350926	0.742041	0.661910	0.235850	1.179248	1.592365	1.553222	0.400780	
1.773415	2.377104	0.608276	2.080415	2.205816	1.744456	2.590005	1.150272	2.496498	1.197132	
1.346291	1.880990	0.180278	2.153631	2.157110	1.644118	2.370258	0.650481	2.126029	1.102554	
1.449569	2.354384	1.575198	0.620987	0.427931	0.160078	1.007782	1.779220	1.510381	0.626997	
0.475000	0.728869	1.052675	2.420744	2.157835	1.664332	1.902630	0.538516	1.258223	1.386092	
0.276134	1.129436	0.936082	1.898190	1.632674	1.137157	1.460522	0.687841	1.025305	0.905884	
1.677982	2.535005	2.040374	0.701783	0.176777	0.559017	0.701783	2.170829	1.470757	1.109617	
1.325943	2.136001	0.660019	1.386092	1.443087	0.972754	1.841535	1.098294	1.890271	0.430116	
1.451938	2.263018	0.742041	1.350926	1.454734	1.012423	1.909188	1.210372	2.000156	0.496236	
1.345595	1.838818	0.230489	2.236068	2.228508	1.711724	2.416609	0.608276	2.139655	1.175266	
1.220912	2.075151	0.789383	1.236932	1.245492	0.761577	1.627882	1.140175	1.717010	0.215058	
0.480234	1.128051	0.719809	2.059430	1.850000	1.332760	1.746783	0.395285	1.296389	0.989949	
1.510381	2.370258	1.902958	0.781425	0.279508	0.436606	0.632949	2.012616	1.330883	0.989002	
1.185854	1.711176	2.199148	1.898848	1.388569	1.290591	0.561805	2.001406	0.431567	1.621149	
1.063015	1.446764	0.430116	2.364450	2.266743	1.736555	2.304479	0.235850	1.890106	1.257229	
0.726722	1.277204	0.505594	2.124265	1.971357	1.443087	1.952562	0.206155	1.542927	1.020417	
0.991527	1.900658	1.122776	1.105102	0.912414	0.382426	1.136332	1.267379	1.283793	0.291548	
0.456207	1.280625	1.396648	1.726630	1.345362	0.951972	0.975320	1.202601	0.581485	1.001249	
0.195256	0.921954	1.367708	2.065490	1.702939	1.285010	1.294701	1.035012	0.638847	1.225765	
1.095730	1.700735	0.090139	1.995307	1.950000	1.426972	2.114533	0.506211	1.862961	0.905539	
1.309819	2.150581	1.827054	1.000625	0.514782	0.465027	0.480885	1.875167	1.095730	0.970824	
0.427931	1.253994	0.800391	1.825171	1.597655	1.084551	1.510381	0.629484	1.152443	0.790569	
1.510174	2.150581	0.378319	1.926460	2.001250	1.518634	2.336932	0.941409	2.226123	0.965660	
1.796176	2.676402	2.025154	0.477624	0.055902	0.564026	0.926350	2.213171	1.666208	1.076162	
0.711512	1.600195	0.860959	1.456237	1.261200	0.735272	1.330648	0.916856	1.221167	0.436606	
0.630971	1.138530	1.765113	2.057304	1.615936	1.312440	1.006231	1.470544	0.201556	1.430472	
0.700446	0.764853	1.035917	2.586745	2.350532	1.845603	2.126323	0.475657	1.478386	1.520691	
1.511001	2.307054	2.095382	1.075291	0.550000	0.707990	0.325960	2.126323	1.152443	1.234909	
2.104311	3.006036	2.113203	0.111803	0.480885	0.813941	1.353699	2.396351	2.071382	1.185854	
0.610328	1.241219	0.585235	2.037308	1.861619	1.336273	1.819512	0.325000	1.415980	0.945053	
1.719193	2.616295	1.851520	0.395285	0.212132	0.437321	1.032594	2.071533	1.685415	0.901388	
1.019804	1.760149	0.353553	1.700184	1.650189	1.129436	1.857586	0.689656	1.706605	0.604669	
0.406971	1.312440	1.150272	1.663205	1.346291	0.883883	1.138530	1.000625	0.828025	0.806226	
0.986154	1.860276	1.504161	1.153527	0.765261	0.406971	0.700446	1.525000	0.961769	0.730154	
0.316228	1.055047	1.430035	1.955920	1.574206	1.179248	1.142639	1.144825	0.531507	1.179248	
0.817389	1.360147	1.892254	1.945829	1.476482	1.237437	0.797653	1.646587	0.134629	1.443087	
0.304138	0.656220	1.439618	2.327150	1.968661	1.546165	1.528275	1.015197	0.764853	1.446764	
1.273038	2.157835	0.986471	1.044031	1.049405	0.583095	1.486607	1.303840	1.672760	0.127475	
1.467353	2.371181	1.600195	0.605186	0.403113	0.176777	0.998123	1.803122	1.515957	0.651920	
0.939747	1.206752	0.660019	2.482942	2.334791	1.806931	2.277060	0.158114	1.770770	1.375227	
2.045880	2.955715	1.906076	0.180278	0.649038	0.782624	1.507481	2.238861	2.129114	1.020417	
0.491172	0.493077	1.583114	2.510603	2.140823	1.730065	1.653217	1.119431	0.825379	1.636498	
0.390512	0.536773	1.323820	2.457260	2.136147	1.680216	1.760149	0.838525	1.019804	1.498541	
1.913766	2.822344	1.691892	0.388104	0.742041	0.711073	1.546165	2.045880	2.079663	0.835539	
0.687841	1.578369	0.872138	1.470544	1.267379	0.743303	1.320038	0.912414	1.198176	0.459619	
8	12	16	
8	12	16	
8	12	16	
8	12	16	
8	12	16	
8	12	16	
8	12	16	
8	12	16	
8	12	16	
8	12	16	
9	14	19	
9	14	19	
9	14	19	
9	14	19	
9	14	19	
9	14	19	
9	14	19	
9	14	19	
9	14	19	
9	14	19	
0.500000	0.500000	0.500000	
0.500000	0.500000	0.500000	
0.500000	0.500000	0.500000	
0.500000	0.500000	0.500000	
0.500000	0.500000	0.500000	
0.500000	0.500000	0.500000	
0.500000	0.500000	0.500000	
0.500000	0.500000	0.500000	
0.500000	0.500000	0.500000	
0.500000	0.500000	0.500000	
0.200000
108