50
10
3
0.383333	0.266667	0.833333	1.633333	0.583333	0.316667	0.616667	1.050000	1.516667	0.233333	0.416667	0.250000	0.250000	1.250000	1.500000	0.233333	0.933333	1.250000	0.533333	0.616667	0.600000	0.466667	1.150000	1.533333	0.883333	1.616667	0.316667	0.833333	1.316667	0.750000	0.316667	0.616667	1.250000	1.516667	1.466667	1.050000	0.683333	1.300000	0.883333	0.800000	0.550000	0.566667	0.650000	1.250000	1.366667	0.983333	0.300000	1.616667	0.816667	0.533333	
0.301040	0.728869	2.084616	0.976281	1.503330	1.267379	1.800868	0.325960	2.065490	1.632483	
2.150581	1.898190	0.585235	1.267379	2.379732	0.903120	0.772172	2.177298	1.140449	1.825000	
0.190394	0.467039	1.865811	0.917878	1.275980	1.079641	1.726992	0.564026	1.810559	1.364047	
0.798827	0.375832	1.693554	1.454519	0.474342	1.215010	2.103717	1.393287	1.393287	0.640312	
0.612883	1.063602	2.348537	1.102554	1.817278	1.510381	1.904107	0.176777	2.373025	1.967867	
1.355083	0.925000	0.794512	1.216553	1.173936	0.654313	1.523155	1.719193	0.561805	0.620987	
2.055633	1.702939	0.055902	1.432000	2.010286	0.874643	1.220912	2.238861	0.610328	1.398660	
1.264170	0.863134	0.800391	1.064483	1.227294	0.509902	1.397542	1.591383	0.672681	0.728869	
0.585235	0.201556	1.750714	1.325236	0.654313	1.173936	2.026388	1.184536	1.511001	0.831039	
1.075291	0.726722	0.941409	0.851469	1.255239	0.375000	1.290349	1.361295	0.901734	0.862047	
1.085415	1.110180	1.432000	0.025000	1.912132	0.626498	0.848896	0.905539	1.655295	1.684117	
0.945053	0.492443	1.202341	1.122776	0.883883	0.743303	1.655483	1.389244	0.984886	0.575543	
1.976898	1.822430	0.950329	0.952956	2.441823	0.825379	0.313249	1.883149	1.451293	1.970406	
1.364734	1.364047	1.372953	0.257391	2.139655	0.676849	0.579871	1.150272	1.686157	1.849493	
1.137157	0.660492	1.399330	1.515957	0.559017	1.116356	2.031779	1.676678	1.025305	0.250000	
1.350926	0.887764	0.965660	1.377044	0.989002	0.848896	1.733854	1.782028	0.612883	0.406971	
2.304886	2.137317	1.044031	1.275245	2.721328	1.129436	0.525595	2.203548	1.592365	2.213171	
1.350000	1.020110	2.127205	2.113350	0.195256	1.821572	2.730613	1.975633	1.692077	0.800391	
1.044031	0.972433	1.241974	0.226385	1.736555	0.410030	0.883883	1.004054	1.431127	1.467353	
2.153631	1.963734	0.867828	1.163239	2.530316	0.951972	0.512957	2.093144	1.407569	2.018044	
1.637834	1.488498	0.919239	0.649038	2.139655	0.512957	0.413824	1.574206	1.325943	1.711907	
2.060491	1.603512	0.752080	1.861619	1.550000	1.249500	1.927596	2.443614	0.226385	0.901388	
0.190394	0.665676	2.134537	1.106797	1.389469	1.340009	1.930026	0.467039	2.073192	1.574206	
0.477624	0.035355	1.631908	1.090011	0.873212	0.980434	1.805028	1.013040	1.465009	0.917878	
1.762988	1.323820	1.827738	2.240675	0.637377	1.792345	2.694555	2.353720	1.303840	0.571183	
0.973717	1.012423	1.469906	0.134629	1.825171	0.640312	0.958188	0.813941	1.656050	1.626730	
2.406502	1.933423	1.138530	2.294014	1.703856	1.683931	2.350000	2.835159	0.661910	1.107079	
0.425735	0.103078	1.640503	1.030776	0.946375	0.958188	1.761391	0.941077	1.498541	0.983933	
1.796698	1.715007	1.182423	0.711073	2.413504	0.797653	0.125000	1.625192	1.625192	2.012461	
1.754459	1.471394	0.425000	1.011496	1.948397	0.509902	0.850368	1.858090	0.855862	1.414655	
1.886796	1.410895	1.453444	2.125147	0.962094	1.594718	2.450765	2.419323	0.901734	0.503115	
1.706239	1.241219	0.849264	1.637834	1.206493	1.052675	1.855398	2.125000	0.340037	0.555090	
0.743303	1.076162	2.080865	0.745822	1.904107	1.235162	1.525205	0.213600	2.183031	1.923051	
2.071986	1.600781	0.962094	1.985101	1.435705	1.382932	2.112019	2.500000	0.412311	0.807001	
1.478386	1.267379	0.765261	0.656220	1.874166	0.257391	0.693271	1.518634	1.089151	1.432655	
0.127475	0.550568	2.128673	1.229837	1.201301	1.375000	2.042670	0.673146	2.013237	1.440703	
1.902630	1.623461	0.403113	1.116356	2.088211	0.654313	0.834416	1.986989	0.910014	1.538871	
1.845603	1.432000	0.388909	1.476482	1.607210	0.862047	1.503330	2.144907	0.201556	0.975000	
0.693271	0.250000	1.654728	1.333464	0.601041	1.123610	1.999531	1.274755	1.394633	0.707990	
1.298075	0.876427	1.767060	1.881821	0.230489	1.520074	2.435416	1.898848	1.328768	0.436606	
2.040833	1.599414	0.585235	1.755349	1.631908	1.140449	1.775176	2.386551	0.125000	0.980115	
1.093446	0.707107	1.842044	1.777815	0.145774	1.484924	2.391783	1.706605	1.453444	0.579871	
1.126111	0.886707	0.939747	0.594243	1.523975	0.127475	1.011496	1.269350	1.063602	1.154340	
2.081466	1.669019	0.353553	1.657181	1.809178	1.050298	1.579953	2.366036	0.279508	1.164313	
1.280625	0.800391	1.253994	1.535008	0.704006	1.073837	1.981477	1.789728	0.850368	0.152069	
1.068878	0.682367	1.834394	1.755349	0.167705	1.467353	2.373025	1.681703	1.451938	0.583631	
1.179248	0.704450	1.416201	1.564649	0.538516	1.158123	2.073192	1.723731	1.025305	0.212132	
0.436606	0.302076	1.576587	0.832541	1.140175	0.828402	1.582127	0.816241	1.505407	1.106797	
0.515388	0.972754	2.303394	1.100284	1.718284	1.471819	1.913276	0.215058	2.307867	1.879495	
1.423464	0.950329	1.423464	1.767767	0.600521	1.309819	2.214723	1.969296	0.958188	0.090139	
8	13	18	
8	13	18	
8	13	18	
8	13	18	
8	13	18	
8	13	18	
8	13	18	
8	13	18	
8	13	18	
8	13	18	
9	14	19	
9	14	19	
9	14	19	
9	14	19	
9	14	19	
9	14	19	
9	14	19	
9	14	19	
9	14	19	
9	14	19	
1.000000	1.000000	1.000000	
1.000000	1.000000	1.000000	
1.000000	1.000000	1.000000	
1.000000	1.000000	1.000000	
1.000000	1.000000	1.000000	
1.000000	1.000000	1.000000	
1.000000	1.000000	1.000000	
1.000000	1.000000	1.000000	
1.000000	1.000000	1.000000	
1.000000	1.000000	1.000000	
0.500000
108