50
10
3
0.516667	1.500000	0.716667	0.483333	0.750000	0.400000	0.650000	0.766667	0.650000	0.183333	0.666667	1.333333	1.300000	0.850000	1.133333	0.616667	0.200000	0.450000	0.700000	0.550000	0.916667	0.766667	0.950000	0.216667	0.616667	1.083333	0.966667	0.166667	1.283333	0.733333	0.783333	0.233333	0.833333	1.316667	0.250000	1.100000	1.466667	0.166667	0.416667	0.900000	1.066667	1.433333	1.550000	0.783333	1.266667	0.450000	1.216667	0.683333	1.100000	0.450000	
2.366036	1.823630	0.950000	0.509902	0.450694	1.650189	1.241471	2.935345	1.604875	2.066549	
1.520280	1.960230	0.493077	1.102554	1.350926	2.384586	0.952956	2.450128	0.333542	1.676305	
0.990581	0.618466	1.520896	2.401172	1.733494	1.598828	0.973717	0.850368	1.876499	0.223607	
0.527376	1.274019	1.733854	2.705781	2.206383	2.250694	1.277693	0.570088	1.815386	0.525000	
0.860233	1.490386	0.642748	1.611870	1.451293	2.156965	0.585769	1.766529	0.651920	1.032594	
1.089151	1.463728	2.285963	3.236221	2.641969	2.426160	1.787631	0.075000	2.409616	0.930054	
1.393960	0.160078	1.408013	2.147091	1.361295	1.103687	0.875357	1.315770	1.946953	0.640800	
1.305996	0.750417	0.775403	1.546367	0.896172	1.291559	0.291548	1.691892	1.388569	0.828025	
0.498121	1.757306	1.187960	2.134537	1.990760	2.566247	1.059481	1.570032	0.903120	1.086566	
1.055047	1.559046	0.475657	1.425219	1.336273	2.144907	0.583095	1.947434	0.534439	1.182423	
0.986471	1.068000	0.610328	1.562050	1.152443	1.717010	0.176777	1.629801	1.025000	0.784618	
1.181630	2.350532	1.309819	2.050152	2.214159	3.040765	1.467353	2.261222	0.625500	1.758551	
1.442437	1.500208	0.035355	1.020417	0.916856	1.882319	0.522015	2.202272	0.760345	1.359458	
0.382426	1.732772	1.279893	2.238443	2.055480	2.573179	1.103687	1.460522	1.027740	1.029563	
1.137157	1.937298	0.761577	1.562850	1.666021	2.538331	0.977880	2.150872	0.235850	1.475847	
1.434617	1.976898	0.566789	1.227294	1.450216	2.448597	0.970824	2.392697	0.213600	1.643358	
1.334166	0.575543	0.950329	1.693554	0.977880	1.180042	0.450694	1.600195	1.550806	0.759111	
2.325538	2.084616	0.850000	0.141421	0.826514	2.057456	1.308148	3.040765	1.328768	2.175000	
1.631908	1.083109	0.583095	1.141271	0.505594	1.308864	0.475657	2.115715	1.328768	1.248249	
0.965984	1.099147	0.605186	1.565647	1.176063	1.752320	0.206155	1.632483	0.995301	0.794119	
2.193171	0.725431	1.690599	2.057456	1.131923	0.269258	1.331587	2.107279	2.401041	1.473516	
2.482061	0.976281	1.967867	2.250555	1.328768	0.103078	1.629801	2.325134	2.690376	1.747319	
1.053862	2.046491	0.980434	1.783606	1.880990	2.706127	1.133578	2.110095	0.391312	1.510174	
0.941077	0.614919	1.386542	2.272664	1.625000	1.576587	0.840387	0.951972	1.750179	0.167705	
1.129436	1.201301	2.156676	3.079164	2.433747	2.153631	1.632483	0.206155	2.366036	0.765261	
1.415980	0.237171	1.623461	2.382357	1.592561	1.201041	1.079641	1.156774	2.121320	0.637377	
0.614919	0.941077	1.206752	2.161307	1.652460	1.848141	0.721110	1.030776	1.438967	0.251247	
2.192316	1.460308	0.929045	0.875000	0.070711	1.277204	1.035917	2.645397	1.672199	1.788854	
1.364047	0.403887	1.728077	2.521160	1.750179	1.350231	1.176860	1.001249	2.180166	0.596343	
0.941077	1.000312	1.872165	2.795085	2.165208	1.977530	1.347683	0.413824	2.104311	0.480234	
1.723550	1.603317	0.254951	0.750000	0.726722	1.829105	0.715017	2.440543	0.939747	1.581336	
0.900347	0.975000	0.755811	1.700368	1.241219	1.695029	0.269258	1.486607	1.134956	0.638847	
0.230489	1.770064	1.549597	2.521160	2.275549	2.672195	1.300961	1.251000	1.326885	1.007782	
1.888452	0.884590	1.033501	1.407347	0.514782	0.860959	0.805062	2.150145	1.776584	1.334166	
2.157110	1.366794	0.951972	0.975320	0.055902	1.179248	1.001249	2.573908	1.706055	1.723550	
1.539683	0.055902	1.475212	2.160150	1.335337	0.965984	0.961769	1.422146	2.050152	0.784618	
2.294559	1.645068	0.946375	0.704006	0.257391	1.450000	1.147007	2.801451	1.655295	1.938105	
1.700184	1.877665	0.353553	0.813941	1.078483	2.183031	0.903466	2.545830	0.642748	1.722099	
1.258223	0.328824	1.521923	2.324059	1.575793	1.311726	0.970824	1.079352	1.985101	0.480234	
0.425000	1.219887	1.110180	2.094039	1.714825	2.081015	0.735697	1.196349	1.195042	0.546008	
0.494975	1.063602	1.396648	2.362335	1.865811	2.008109	0.930390	0.853302	1.552417	0.285044	
1.410009	2.044658	0.671751	1.325236	1.560649	2.544725	1.044031	2.396351	0.103078	1.672760	
1.230091	1.652460	0.364005	1.264911	1.264170	2.165208	0.649038	2.118077	0.458939	1.336273	
1.231107	2.063522	0.840387	1.576785	1.745888	2.651061	1.097725	2.261084	0.167705	1.600195	
1.340009	1.076162	0.450000	1.274755	0.800391	1.515132	0.190394	1.912132	1.110462	1.043132	
1.064483	1.460522	2.267157	3.219084	2.629758	2.425515	1.770946	0.079057	2.386551	0.915492	
2.237465	1.664332	0.859142	0.625000	0.304138	1.526843	1.100284	2.781299	1.556037	1.913766	
1.786757	1.487027	0.388104	0.765261	0.535023	1.644688	0.695072	2.425000	1.123610	1.556037	
0.873212	1.075291	1.875000	2.810805	2.204824	2.055480	1.361295	0.375000	2.074247	0.496236	
1.231107	0.604669	0.933408	1.726630	1.051487	1.275980	0.403113	1.526434	1.494364	0.673146	
8	14	20	
8	14	20	
8	14	20	
8	14	20	
8	14	20	
8	14	20	
8	14	20	
8	14	20	
8	14	20	
8	14	20	
9	14	19	
9	14	19	
9	14	19	
9	14	19	
9	14	19	
9	14	19	
9	14	19	
9	14	19	
9	14	19	
9	14	19	
1.000000	1.000000	1.000000	
1.000000	1.000000	1.000000	
1.000000	1.000000	1.000000	
1.000000	1.000000	1.000000	
1.000000	1.000000	1.000000	
1.000000	1.000000	1.000000	
1.000000	1.000000	1.000000	
1.000000	1.000000	1.000000	
1.000000	1.000000	1.000000	
1.000000	1.000000	1.000000	
0.500000
90