50
10
3
1.400000	1.233333	1.016667	0.250000	0.366667	0.833333	0.916667	0.233333	0.416667	1.316667	0.783333	0.833333	0.500000	1.500000	1.583333	0.300000	0.566667	1.150000	0.266667	1.350000	0.800000	1.416667	0.233333	0.383333	0.666667	0.450000	0.683333	0.466667	0.233333	0.600000	0.383333	1.333333	1.216667	0.666667	0.866667	0.816667	0.316667	1.033333	1.066667	1.316667	0.816667	0.300000	1.033333	0.783333	0.600000	0.683333	0.233333	1.400000	0.166667	1.100000	
2.201846	2.344408	0.875000	0.348210	2.270050	2.144907	1.510174	0.859142	1.491643	1.485345	
2.154066	2.353853	1.209339	0.482830	2.078762	2.269637	1.286954	0.525595	1.464795	1.650947	
0.127475	0.388104	2.305699	1.985730	0.951315	1.110180	1.312440	2.538700	0.838525	1.375909	
1.494364	1.450862	0.726722	0.894427	2.034853	1.017657	1.587648	1.873666	0.925338	0.335410	
2.450128	2.685377	1.575000	0.886707	2.239001	2.655301	1.438967	0.195256	1.790251	2.049695	
0.990581	0.771767	1.510381	1.574206	1.812457	0.250000	1.700735	2.454588	0.850368	0.467039	
0.805062	1.185854	2.122646	1.521923	0.469707	1.659254	0.450694	1.779220	0.694622	1.535008	
1.995307	1.954002	0.257391	0.880696	2.470324	1.456022	1.920937	1.852701	1.386768	0.803508	
2.202272	2.280488	0.502494	0.450694	2.419969	1.963734	1.715007	1.237437	1.500208	1.282819	
2.027468	2.110095	0.515388	0.320156	2.256241	1.816762	1.567043	1.225000	1.325236	1.140175	
0.427931	0.570088	1.760149	1.456022	1.095730	0.880696	1.068000	2.109650	0.325960	0.890225	
1.015197	1.408013	2.713968	2.102974	0.125000	2.048322	0.900347	2.223876	1.237437	2.061553	
1.868154	1.827738	0.364005	0.850368	2.355048	1.343968	1.825171	1.838818	1.265158	0.682367	
1.196349	1.107079	1.082243	1.152443	1.850676	0.680074	1.540292	2.079663	0.750417	0.090139	
2.252360	2.250555	0.090139	0.806226	2.629758	1.794610	2.001406	1.686898	1.597263	1.128051	
1.001249	1.119431	1.234909	0.877852	1.386092	1.084551	0.965013	1.635925	0.309233	0.661910	
2.175000	2.236068	0.400780	0.494975	2.432720	1.891593	1.747319	1.333464	1.480287	1.209339	
1.700000	1.770770	0.602080	0.371652	2.001562	1.495410	1.378858	1.364276	1.007782	0.831039	
2.426546	2.656360	1.525000	0.840387	2.233971	2.615937	1.432873	0.235850	1.761391	2.006552	
0.813941	1.153527	1.886796	1.299279	0.704450	1.525205	0.413824	1.643548	0.498121	1.330648	
0.680074	0.903120	1.615549	1.184536	1.025305	1.131923	0.778621	1.776584	0.090139	0.930390	
1.750893	1.884808	0.818917	0.111803	1.905420	1.714825	1.206493	1.068000	1.039832	1.081665	
1.046721	1.355083	1.725724	1.075291	0.910014	1.623461	0.309233	1.386768	0.559017	1.315770	
1.779396	1.681703	0.617454	1.093446	2.369072	1.118034	1.923538	2.088660	1.256234	0.515388	
1.532359	1.889775	2.120289	1.343968	0.989002	2.223876	0.325000	1.176063	1.159741	1.895059	
2.410005	2.687936	1.863632	1.104536	2.067758	2.756923	1.290591	0.160078	1.804508	2.200568	
0.950329	1.328533	2.130288	1.486607	0.505594	1.777815	0.325000	1.669019	0.775403	1.610124	
1.241471	1.621149	2.228508	1.513481	0.632456	2.050000	0.250000	1.513275	1.015197	1.826369	
2.087163	2.191033	0.629484	0.279508	2.261084	1.930026	1.544345	1.101136	1.378632	1.258223	
1.335337	1.155963	1.179248	1.407569	2.080415	0.534439	1.829105	2.360747	1.012423	0.237171	
2.091202	2.325134	1.407347	0.625500	1.925649	2.316382	1.125000	0.391312	1.430035	1.733854	
0.789383	1.181630	2.582755	2.020210	0.167705	1.829105	0.897566	2.243463	1.070047	1.875167	
0.990581	1.025000	1.196349	0.999062	1.520691	0.874643	1.176860	1.830983	0.406971	0.450694	
0.491172	0.125000	2.276236	2.117339	1.400893	0.790569	1.680774	2.804015	1.020110	1.256234	
2.167083	2.150145	0.035355	0.831039	2.581182	1.676305	1.979899	1.752855	1.527457	1.015197	
1.770770	1.924188	0.905884	0.111803	1.875000	1.787631	1.153527	0.972433	1.061249	1.166190	
1.485976	1.882817	2.598678	1.860108	0.660019	2.383406	0.620987	1.704589	1.377044	2.200568	
0.903120	0.682825	1.574206	1.597263	1.736555	0.261008	1.654728	2.455733	0.806226	0.530330	
1.364276	1.532359	1.098294	0.500625	1.523155	1.484082	0.884590	1.220656	0.656220	0.946375	
0.436606	0.150000	2.325000	2.136001	1.328768	0.875000	1.643358	2.795644	1.020417	1.315295	
0.475000	0.079057	2.151308	2.002811	1.402007	0.691466	1.621149	2.709359	0.921954	1.131923	
1.648674	1.983053	1.969296	1.171537	1.195042	2.243463	0.445112	0.952956	1.185854	1.850676	
1.590008	1.550806	0.626997	0.854400	2.109650	1.107079	1.634205	1.844078	1.005609	0.427200	
0.675463	0.275000	2.192316	2.114976	1.600781	0.604152	1.812457	2.864001	1.079641	1.152443	
1.454734	1.402007	0.778621	0.939747	2.015564	0.961769	1.589025	1.913766	0.903120	0.279508	
0.282843	0.301040	1.960230	1.715554	1.158123	0.794512	1.286954	2.378287	0.596343	1.007782	
1.616516	1.978952	2.200142	1.414655	1.028652	2.322848	0.419076	1.176063	1.258968	1.994054	
1.644118	1.521923	0.794119	1.185854	2.283774	0.937083	1.894235	2.177298	1.171537	0.369121	
0.832541	1.175266	1.900164	1.304320	0.693271	1.550202	0.391312	1.632674	0.522015	1.353237	
1.171804	1.570032	2.471462	1.788854	0.375000	2.096575	0.529741	1.808487	1.129712	1.967867	
8	14	20	
8	14	20	
8	14	20	
8	14	20	
8	14	20	
8	14	20	
8	14	20	
8	14	20	
8	14	20	
8	14	20	
9	13	17	
9	13	17	
9	13	17	
9	13	17	
9	13	17	
9	13	17	
9	13	17	
9	13	17	
9	13	17	
9	13	17	
0.500000	0.500000	0.500000	
0.500000	0.500000	0.500000	
0.500000	0.500000	0.500000	
0.500000	0.500000	0.500000	
0.500000	0.500000	0.500000	
0.500000	0.500000	0.500000	
0.500000	0.500000	0.500000	
0.500000	0.500000	0.500000	
0.500000	0.500000	0.500000	
0.500000	0.500000	0.500000	
0.500000
72