100
20
3
1.033333	0.166667	1.366667	0.616667	0.333333	0.716667	0.516667	0.816667	0.666667	0.483333	0.483333	0.250000	0.466667	0.533333	0.633333	0.883333	0.233333	0.966667	0.883333	1.000000	1.150000	0.283333	0.183333	0.216667	1.466667	0.666667	0.583333	0.266667	0.483333	0.733333	0.816667	1.083333	0.233333	0.633333	1.100000	0.666667	1.216667	0.533333	0.216667	1.650000	0.800000	1.233333	1.133333	1.300000	1.633333	0.566667	0.983333	0.366667	0.200000	1.266667	1.000000	0.966667	1.000000	0.783333	0.283333	0.366667	1.033333	0.566667	1.183333	1.300000	1.216667	1.183333	1.250000	0.383333	1.300000	0.266667	0.933333	0.583333	0.233333	0.633333	0.600000	0.833333	1.483333	1.583333	1.216667	0.883333	0.466667	0.816667	0.383333	1.283333	0.216667	0.783333	1.150000	1.333333	0.500000	0.850000	0.333333	1.166667	1.200000	0.733333	0.583333	0.916667	1.566667	0.400000	0.833333	0.750000	0.633333	1.533333	1.383333	0.483333	
1.913929	2.139655	1.099147	0.180278	1.275245	1.623461	0.626498	1.171804	1.663205	1.889610	0.660019	0.998123	0.395285	1.049405	1.428504	1.550202	0.625000	1.454519	0.686477	0.957209	
1.200000	1.158123	1.025914	1.632674	0.654313	0.212132	2.053807	1.325236	1.015197	0.403113	1.159741	2.183031	2.174425	1.638788	0.651920	2.101488	1.761391	1.460308	1.700184	1.044330	
2.718111	2.130874	1.886299	0.919239	1.936814	2.153050	0.282843	2.033624	1.693000	2.201278	1.198176	0.215058	0.990581	0.775403	1.700184	0.930390	0.515388	1.241219	1.587844	1.231361	
0.884590	1.765290	0.158114	0.989002	0.230489	0.672681	1.576587	0.491172	1.400223	1.166190	0.672681	1.840007	1.425877	1.485135	0.955249	2.059430	1.360147	1.581139	0.828025	0.883530	
2.158269	0.485412	1.600195	1.495410	1.315295	1.129436	1.554429	1.927596	0.070711	0.770146	1.107079	1.491643	2.051828	0.886002	0.515388	1.133854	1.256234	0.477624	1.978004	0.738241	
0.749166	2.039608	0.127475	1.076162	0.469707	0.895126	1.700184	0.223607	1.675746	1.419947	0.866747	1.998281	1.417965	1.702388	1.231361	2.282542	1.520280	1.837457	0.711073	1.130542	
2.763377	1.054751	2.071533	1.574206	1.878330	1.808660	1.317431	2.364847	0.818917	1.518634	1.386092	1.079641	2.019437	0.656220	1.168867	0.460977	1.109617	0.369121	2.225562	1.068000	
2.137317	0.707549	1.510174	1.296630	1.264911	1.155692	1.330883	1.827738	0.254951	0.896172	0.941077	1.274755	1.843909	0.667083	0.515388	0.975000	1.033501	0.313249	1.820027	0.570088	
2.291970	2.200142	1.467353	0.474342	1.598828	1.900164	0.300000	1.560649	1.726630	2.081015	0.900347	0.679154	0.475657	0.936082	1.589222	1.328768	0.480234	1.402007	1.065950	1.091444	
1.751606	2.690376	1.114955	0.813941	1.442654	1.873666	1.285496	0.976281	2.229630	2.283774	1.144825	1.667708	0.575543	1.739612	1.901480	2.250139	1.325000	2.112019	0.395285	1.510381	
2.304886	0.425735	2.035927	2.256795	1.671264	1.285496	2.406372	2.363525	0.831039	0.728011	1.803469	2.352791	2.830746	1.748035	1.025914	1.925162	2.102380	1.315295	2.595308	1.480076	
2.531427	2.001406	1.700184	0.745822	1.746425	1.966119	0.127475	1.856239	1.550806	2.030548	1.007782	0.254951	0.900000	0.651920	1.528275	0.925000	0.328824	1.130542	1.432655	1.051190	
2.322310	2.638773	1.555032	0.715891	1.783606	2.153050	0.776209	1.542117	2.161307	2.427061	1.198176	1.131923	0.176777	1.423464	1.959751	1.813319	0.964689	1.880326	0.951972	1.476906	
1.365650	2.025154	0.559017	0.477624	0.800391	1.208305	1.113833	0.637377	1.578963	1.594522	0.509902	1.445035	0.825000	1.279893	1.220656	1.851013	0.986154	1.553222	0.371652	0.879275	
1.245492	2.304886	0.571183	0.750417	0.915492	1.355083	1.375000	0.460977	1.873666	1.808660	0.828402	1.727896	0.910014	1.603317	1.487027	2.170829	1.286954	1.876499	0.152069	1.191900	
0.654313	1.711176	0.800391	1.690044	0.559017	0.458939	2.229630	0.999062	1.520691	0.958188	1.288652	2.437724	2.152324	1.970406	1.095730	2.495621	1.973100	1.898190	1.518223	1.331353	
1.171804	2.275000	0.503115	0.790569	0.855132	1.296389	1.421267	0.388104	1.851013	1.760859	0.825000	1.768120	0.980434	1.619027	1.454519	2.191033	1.319327	1.875000	0.226385	1.181630	
1.631334	2.302173	0.875357	0.450694	1.147007	1.556037	1.017657	0.854400	1.839327	1.925162	0.755811	1.388569	0.515388	1.375909	1.521923	1.910497	0.990581	1.728077	0.301040	1.119431	
2.332515	2.471462	1.534805	0.608276	1.725181	2.068363	0.570088	1.566246	1.995307	2.302851	1.085415	0.928036	0.257391	1.227294	1.822944	1.607210	0.770146	1.690599	1.005609	1.330883	
0.816241	1.718284	0.247487	1.103687	0.134629	0.566789	1.677982	0.559017	1.378632	1.084551	0.755811	1.927596	1.551813	1.542927	0.925338	2.110095	1.449569	1.601952	0.950329	0.922293	
1.391492	2.170829	0.625500	0.527376	0.910014	1.330883	1.155692	0.626498	1.723550	1.733854	0.649038	1.505199	0.760345	1.389469	1.366108	1.952562	1.063602	1.684117	0.230489	1.020110	
2.503123	1.802256	1.680216	0.794512	1.680774	1.858259	0.302076	1.870328	1.360147	1.875000	0.950329	0.223607	1.060660	0.447214	1.375909	0.740355	0.265754	0.922293	1.504161	0.921954	
1.829105	0.742041	1.250250	1.239456	0.970824	0.835539	1.425219	1.578171	0.304138	0.632949	0.805062	1.450000	1.811767	0.855862	0.195256	1.265158	1.116076	0.620987	1.655295	0.460977	
1.450216	1.285739	0.740355	0.807775	0.566789	0.711073	1.209339	1.052675	0.855132	0.905884	0.325000	1.378858	1.375227	0.919918	0.480234	1.475847	0.927699	0.972433	1.107362	0.285044	
2.159282	1.587844	1.345362	0.575000	1.325000	1.504161	0.467039	1.560849	1.119431	1.557241	0.602080	0.581485	1.017657	0.357946	1.054751	0.892328	0.158114	0.790569	1.270089	0.577170	
2.489227	1.128051	1.759616	1.220912	1.601757	1.597263	1.009022	2.040221	0.753741	1.407569	1.049405	0.838525	1.677982	0.313249	0.977880	0.471699	0.772172	0.226385	1.875000	0.760345	
2.061553	1.675187	1.237942	0.425000	1.252248	1.471394	0.450694	1.435705	1.200260	1.578765	0.514782	0.660019	0.887764	0.505594	1.079352	1.039832	0.180278	0.917878	1.122776	0.583631	
1.511001	0.887764	1.037123	1.308148	0.701783	0.485412	1.629801	1.370447	0.585235	0.403887	0.828025	1.718284	1.879495	1.154340	0.160078	1.608765	1.325943	0.973717	1.570032	0.602080	
1.105102	1.755705	0.285044	0.752080	0.406971	0.816241	1.342805	0.559017	1.348379	1.239456	0.465027	1.616516	1.206493	1.299279	0.933408	1.879495	1.136332	1.451293	0.689656	0.740355	
1.978952	0.813941	1.336507	1.155692	1.100284	1.025305	1.258223	1.653028	0.336341	0.843356	0.775403	1.252248	1.714825	0.650481	0.395285	1.054751	0.951972	0.425735	1.652460	0.403887	
2.529452	1.525819	1.735115	0.982980	1.665083	1.766529	0.617454	1.969296	1.110180	1.693554	0.985203	0.427200	1.346291	0.206155	1.212693	0.477624	0.450694	0.626997	1.686713	0.832166	
0.951972	1.453444	0.535023	1.225000	0.160078	0.285044	1.734395	0.850000	1.152443	0.794512	0.794512	1.934716	1.730787	1.475847	0.697316	2.015564	1.471819	1.449569	1.206493	0.835539	
1.675746	0.687841	1.386768	1.744276	1.017964	0.632949	2.030394	1.711176	0.660492	0.075000	1.265158	2.075151	2.316517	1.480287	0.515388	1.843400	1.722099	1.179248	1.982738	1.013040	
1.702939	1.315770	0.939415	0.656220	0.832541	0.982344	0.950329	1.219119	0.845946	1.092016	0.254951	1.100284	1.230091	0.656220	0.604152	1.227294	0.657647	0.801561	1.133854	0.125000	
2.801785	1.325236	2.057304	1.425000	1.915235	1.914419	1.073837	2.326209	1.020110	1.700735	1.328533	0.797261	1.813319	0.505594	1.290349	0.176777	0.912414	0.492443	2.112019	1.068000	
2.200000	3.018485	1.566046	1.060955	1.880990	2.303259	1.333464	1.430472	2.545707	2.680019	1.484924	1.701654	0.564026	1.922401	2.263846	2.363525	1.470544	2.347871	0.848896	1.827738	
2.200142	1.816762	1.370447	0.459619	1.411559	1.644118	0.276134	1.542927	1.346291	1.750893	0.673146	0.531507	0.807775	0.559017	1.250250	1.025000	0.103078	1.015197	1.170470	0.756637	
0.906228	1.503330	0.496236	1.226020	0.125000	0.318198	1.748035	0.806226	1.201301	0.840387	0.807001	1.956559	1.722099	1.507689	0.745822	2.051828	1.490386	1.492062	1.179248	0.867828	
2.784892	1.923051	1.962938	1.063602	1.955761	2.112611	0.480885	2.151308	1.513275	2.084616	1.230091	0.100000	1.251000	0.600000	1.594718	0.630971	0.548293	1.020110	1.767060	1.170470	
2.410653	1.721918	1.590990	0.735272	1.582127	1.755349	0.336341	1.790251	1.273038	1.775176	0.855132	0.325000	1.055047	0.375000	1.275245	0.751665	0.190394	0.855132	1.446764	0.818917	
1.047020	1.850000	0.215058	0.784618	0.436606	0.866747	1.393960	0.460977	1.446764	1.315770	0.548862	1.681703	1.200260	1.386768	1.027740	1.967867	1.202601	1.549597	0.625000	0.838525	
1.343968	1.498332	0.571183	0.682367	0.503115	0.778621	1.178187	0.863134	1.068000	1.075291	0.237171	1.402007	1.226020	1.020110	0.686477	1.595306	0.928036	1.147279	0.896172	0.436606	
1.779923	0.577170	1.353006	1.546367	1.011187	0.721543	1.776584	1.686157	0.390512	0.313249	1.081954	1.800694	2.121910	1.201041	0.301040	1.559848	1.467353	0.896172	1.872165	0.782624	
2.454588	2.025154	1.622498	0.654313	1.685415	1.923538	0.025000	1.768120	1.566246	2.015564	0.948683	0.357946	0.800391	0.691466	1.513275	1.013040	0.304138	1.171537	1.333464	1.026219	
1.012423	1.500417	0.427200	1.050298	0.125000	0.447214	1.573412	0.759111	1.152443	0.901388	0.632456	1.789728	1.554228	1.361295	0.700000	1.917355	1.320038	1.386542	1.050298	0.726722	
2.559907	2.135562	1.727896	0.745822	1.802776	2.047102	0.127475	1.860276	1.680774	2.139655	1.068000	0.353553	0.806226	0.790569	1.637261	1.053862	0.427931	1.270089	1.400893	1.151086	
0.279508	2.275000	0.583631	1.560849	0.728011	1.007782	2.185463	0.505594	1.981161	1.566246	1.328768	2.478911	1.868154	2.150581	1.525000	2.725000	1.999531	2.228929	1.110180	1.544345	
2.051981	2.245690	1.243232	0.316228	1.425219	1.771475	0.570088	1.299279	1.768120	2.025617	0.798827	0.951972	0.285044	1.091444	1.556639	1.555032	0.642748	1.522539	0.778621	1.075291	
1.288652	1.107079	0.831039	1.250000	0.480885	0.305164	1.653028	1.162164	0.807001	0.512957	0.770146	1.789204	1.805893	1.263428	0.357946	1.760859	1.361295	1.152443	1.414655	0.649038	
1.813319	2.366036	1.050298	0.427200	1.304320	1.700184	0.901388	1.035917	1.895059	2.038535	0.831039	1.281113	0.333542	1.343968	1.611094	1.850169	0.925000	1.732231	0.465027	1.175266	
2.349601	2.440415	1.546165	0.602080	1.726630	2.062311	0.522015	1.587648	1.965006	2.285416	1.073837	0.878208	0.302076	1.185854	1.802256	1.559046	0.730154	1.651704	1.035012	1.308148	
1.741049	0.782624	1.177391	1.230091	0.887764	0.745822	1.456237	1.507481	0.375000	0.575543	0.778621	1.501874	1.805028	0.916856	0.106066	1.346291	1.147279	0.707990	1.610318	0.458939	
1.587648	0.753741	1.231107	1.565248	0.869626	0.527376	1.866815	1.559848	0.601041	0.152069	1.085415	1.929054	2.136879	1.343968	0.350892	1.744456	1.559848	1.085415	1.808660	0.843356	
2.565395	1.334166	1.801735	1.150272	1.683931	1.726630	0.845946	2.061553	0.950329	1.583114	1.063602	0.638847	1.557442	0.230489	1.129712	0.360555	0.649038	0.431567	1.835926	0.832541	
1.027740	1.315295	0.849264	1.532359	0.485412	0.079057	1.997655	1.140175	1.119431	0.575543	1.075291	2.158269	2.055633	1.644118	0.707990	2.140093	1.716464	1.520280	1.539683	1.021335	
1.826540	0.538516	1.510381	1.796698	1.147007	0.778621	2.037308	1.838478	0.577170	0.226385	1.325236	2.053807	2.371840	1.450216	0.548862	1.772005	1.728077	1.109617	2.081015	1.040733	
2.709359	1.827054	1.891593	1.017964	1.872165	2.019437	0.475657	2.090006	1.414214	1.985101	1.152443	0.141421	1.251000	0.500000	1.496036	0.581485	0.485412	0.925000	1.726992	1.077033	
1.378632	1.021335	1.222957	1.772005	0.849264	0.410030	2.150581	1.525819	0.957209	0.270416	1.291559	2.248611	2.326209	1.679658	0.673146	2.101934	1.850169	1.445035	1.885802	1.125278	
1.386092	1.051190	1.273283	1.844078	0.901734	0.459619	2.225562	1.570032	1.015197	0.318198	1.364276	2.322848	2.396482	1.752320	0.745822	2.169101	1.925162	1.510381	1.945026	1.200260	
1.942453	1.009022	1.243232	0.965013	1.054751	1.060955	1.075291	1.545356	0.531507	0.976281	0.612883	1.101136	1.520691	0.522015	0.485412	1.009022	0.766893	0.467039	1.491643	0.250000	
3.018485	1.650000	2.239699	1.485976	2.140823	2.185463	1.007782	2.482438	1.340009	2.010286	1.492062	0.656220	1.781327	0.660019	1.578369	0.150000	0.941409	0.807001	2.195023	1.290591	
1.154340	1.187960	0.921954	1.525000	0.548293	0.111803	1.957837	1.227294	0.999062	0.452769	1.054751	2.098362	2.064128	1.566246	0.602080	2.046033	1.668832	1.415980	1.590008	0.958188	
0.704006	2.289787	0.375000	1.204159	0.711512	1.119431	1.839837	0.090139	1.926460	1.657747	1.073837	2.161307	1.454734	1.912132	1.482608	2.493617	1.690599	2.074398	0.686477	1.364276	
0.887764	1.587648	0.375000	1.131923	0.000000	0.442295	1.676678	0.693271	1.258968	0.950329	0.738664	1.903943	1.612452	1.484924	0.803508	2.042211	1.431127	1.509346	1.054751	0.851469	
0.951972	1.400893	0.671751	1.375909	0.305164	0.145774	1.868321	0.970824	1.147007	0.697316	0.933408	2.051981	1.887624	1.567043	0.704450	2.088660	1.597263	1.495410	1.359458	0.930390	
1.578963	0.942404	1.002809	1.131923	0.715891	0.620987	1.430472	1.333464	0.550000	0.594243	0.660019	1.520691	1.706605	0.965660	0.125000	1.445035	1.126111	0.835539	1.457738	0.403113	
2.082366	0.269258	1.707703	1.862961	1.358538	1.025305	2.019437	2.040221	0.456207	0.491172	1.414655	1.985730	2.436314	1.377725	0.645174	1.619413	1.713549	0.975320	2.226123	1.085415	
2.033624	1.515132	1.226020	0.539676	1.192686	1.370447	0.579871	1.454519	1.040433	1.438967	0.477624	0.715891	1.040433	0.403113	0.937083	0.972433	0.275000	0.771767	1.204159	0.450000	
1.006541	1.350231	0.691466	1.353699	0.318198	0.125000	1.833712	0.999062	1.091444	0.656220	0.903120	2.010286	1.873833	1.518634	0.648556	2.036695	1.559046	1.440703	1.366108	0.883883	
1.226020	2.557953	0.725000	0.998123	1.096586	1.538059	1.603512	0.482830	2.136001	2.025617	1.102554	1.967867	1.040433	1.874166	1.736555	2.437853	1.542117	2.151308	0.291548	1.463728	
2.050152	0.445112	1.532359	1.520691	1.227294	1.007782	1.634778	1.863632	0.079057	0.625000	1.102554	1.598828	2.087163	0.990581	0.425000	1.274019	1.330648	0.612883	1.957358	0.745822	
0.700446	2.388122	0.475000	1.272792	0.807001	1.207528	1.909188	0.167705	2.026388	1.750179	1.165386	2.237465	1.490386	2.002811	1.582127	2.584207	1.770064	2.172125	0.711512	1.461592	
0.824621	2.188892	0.269258	1.046721	0.638847	1.070047	1.681703	0.079057	1.808487	1.588238	0.919239	2.001406	1.322167	1.756595	1.372953	2.338001	1.530523	1.931968	0.575000	1.220912	
1.929054	0.565685	1.690044	2.019437	1.319327	0.917197	2.256241	2.012461	0.753741	0.369121	1.546367	2.261222	2.594345	1.654728	0.772172	1.941649	1.947113	1.286954	2.285963	1.264170	
0.548862	2.059733	0.285044	1.275000	0.475000	0.840387	1.892914	0.335410	1.731509	1.391492	1.027740	2.180166	1.623461	1.851520	1.277204	2.427447	1.700368	1.945829	0.903120	1.252248	
2.505619	0.776611	1.858259	1.504161	1.629801	1.520074	1.379311	2.167516	0.506211	1.206493	1.229075	1.219119	2.006552	0.671751	0.880696	0.726722	1.120547	0.201556	2.100298	0.875357	
1.559848	0.896172	1.405569	1.899013	1.030776	0.596343	2.236347	1.712637	0.917878	0.230489	1.416201	2.304886	2.462214	1.718284	0.725000	2.098362	1.930835	1.434617	2.055480	1.209339	
1.584692	2.512469	0.917197	0.700446	1.241219	1.672199	1.244237	0.801561	2.057456	2.087163	0.972754	1.621149	0.625000	1.625769	1.715007	2.159282	1.237437	1.971357	0.201556	1.342805	
1.211662	1.212693	0.719809	1.176860	0.375832	0.309233	1.612452	1.051487	0.892328	0.620987	0.704006	1.770946	1.723731	1.269350	0.436606	1.787631	1.328768	1.200260	1.308148	0.637377	
1.875000	1.184536	1.132751	0.785016	0.992472	1.073837	0.941409	1.418846	0.707107	1.079641	0.450694	1.019804	1.343503	0.500000	0.577170	1.050298	0.632949	0.600521	1.323820	0.141421	
1.261200	1.448491	0.534439	0.806226	0.395285	0.654313	1.298075	0.850368	1.039832	0.976281	0.357946	1.510381	1.343968	1.098294	0.626997	1.665270	1.040733	1.178187	0.965013	0.480885	
2.256795	2.919439	1.574206	0.955249	1.865811	2.275000	1.167262	1.475847	2.443614	2.621188	1.405569	1.530114	0.413824	1.779396	2.186464	2.201846	1.323112	2.217121	0.875357	1.732412	
0.213600	2.299592	0.975000	1.969772	0.954594	1.035917	2.573908	0.976281	2.094338	1.545356	1.665270	2.836591	2.324059	2.439518	1.654728	2.993848	2.357568	2.433747	1.579953	1.804508	
2.615937	1.377725	1.848141	1.175266	1.735655	1.782028	0.840387	2.104311	1.001249	1.638025	1.107079	0.610328	1.566046	0.269258	1.185591	0.313249	0.661910	0.477624	1.866815	0.884590	
0.925338	1.422146	0.825379	1.575793	0.482830	0.176777	2.064128	1.096586	1.231107	0.675463	1.131923	2.238443	2.084017	1.736555	0.816241	2.241093	1.789204	1.626730	1.532359	1.107079	
1.127497	1.250000	1.027740	1.693554	0.665676	0.237171	2.134391	1.312440	1.120547	0.491172	1.227294	2.273901	2.225562	1.736555	0.755811	2.205108	1.845603	1.565647	1.719920	1.133854	
0.775000	1.574206	0.771767	1.603122	0.475657	0.313249	2.122499	1.011496	1.375227	0.826514	1.182423	2.317596	2.087163	1.837457	0.950329	2.356507	1.858259	1.754459	1.490386	1.200521	
1.206493	2.386551	0.596343	0.850000	0.957209	1.399330	1.470544	0.425000	1.961186	1.870328	0.926350	1.826540	0.972754	1.706239	1.566246	2.273901	1.388569	1.975633	0.190394	1.286954	
0.357946	2.175575	0.480234	1.466714	0.618466	0.916856	2.087163	0.450694	1.874166	1.475847	1.220912	2.375395	1.795132	2.040221	1.417965	2.614025	1.895554	2.117339	1.051190	1.432655	
1.945026	1.717010	1.117195	0.304138	1.155963	1.405569	0.522015	1.305038	1.239456	1.559046	0.419076	0.778621	0.816241	0.625500	1.068000	1.171804	0.301040	1.007782	0.990581	0.571183	
1.285496	1.075291	0.894427	1.353006	0.529741	0.250000	1.751606	1.221167	0.817389	0.430116	0.873212	1.879661	1.908042	1.342805	0.390512	1.825171	1.457738	1.202082	1.502706	0.740355	
0.794119	1.995777	0.075000	1.029563	0.437321	0.870704	1.650757	0.261008	1.626730	1.386768	0.811249	1.945829	1.386092	1.646587	1.184536	2.226685	1.467353	1.782730	0.697316	1.075291	
1.644878	1.515132	0.840015	0.471699	0.816241	1.052675	0.873212	1.086566	1.047020	1.244237	0.090139	1.089151	1.047020	0.749166	0.776611	1.330648	0.614919	0.976281	0.941409	0.325960	
2.067758	2.493116	1.302162	0.531507	1.541509	1.923051	0.801561	1.288652	2.016494	2.226685	0.999062	1.181630	0.079057	1.360606	1.775704	1.814008	0.910014	1.789728	0.704450	1.310057	
2.517563	1.093446	1.796698	1.274755	1.629801	1.611094	1.063015	2.081015	0.735697	1.402007	1.093446	0.883883	1.733854	0.369121	0.985203	0.469707	0.828025	0.201556	1.925162	0.794512	
1.643358	0.731864	1.195042	1.423464	0.855862	0.594243	1.697425	1.528275	0.471699	0.325000	0.950329	1.752855	1.998124	1.167262	0.182003	1.576587	1.389469	0.922293	1.720465	0.680074	
1.468205	1.547781	0.665676	0.539676	0.650000	0.926350	1.027740	0.925000	1.096586	1.187697	0.090139	1.261943	1.096586	0.917878	0.760345	1.498541	0.784618	1.102554	0.854400	0.403113	
1.209339	1.131923	0.930054	1.485976	0.555090	0.150000	1.904107	1.243483	0.930390	0.412311	1.011187	2.037308	2.031779	1.500208	0.531507	1.976424	1.612452	1.345362	1.581336	0.897566	
2.253470	1.319327	1.479231	0.863134	1.378858	1.464795	0.721110	1.736555	0.869626	1.405569	0.738664	0.675463	1.330883	0.106066	0.916856	0.682367	0.442295	0.480234	1.526843	0.535023	
2.679669	1.100284	1.969296	1.442654	1.792345	1.750179	1.185854	2.256241	0.807775	1.498541	1.270089	0.960469	1.884808	0.522015	1.114955	0.400780	0.975000	0.301040	2.100000	0.965660	
9	14	19	
9	14	19	
9	14	19	
9	14	19	
9	14	19	
9	14	19	
9	14	19	
9	14	19	
9	14	19	
9	14	19	
9	14	19	
9	14	19	
9	14	19	
9	14	19	
9	14	19	
9	14	19	
9	14	19	
9	14	19	
9	14	19	
9	14	19	
10	16	22	
10	16	22	
10	16	22	
10	16	22	
10	16	22	
10	16	22	
10	16	22	
10	16	22	
10	16	22	
10	16	22	
10	16	22	
10	16	22	
10	16	22	
10	16	22	
10	16	22	
10	16	22	
10	16	22	
10	16	22	
10	16	22	
10	16	22	
0.500000	0.500000	0.500000	
0.500000	0.500000	0.500000	
0.500000	0.500000	0.500000	
0.500000	0.500000	0.500000	
0.500000	0.500000	0.500000	
0.500000	0.500000	0.500000	
0.500000	0.500000	0.500000	
0.500000	0.500000	0.500000	
0.500000	0.500000	0.500000	
0.500000	0.500000	0.500000	
0.500000	0.500000	0.500000	
0.500000	0.500000	0.500000	
0.500000	0.500000	0.500000	
0.500000	0.500000	0.500000	
0.500000	0.500000	0.500000	
0.500000	0.500000	0.500000	
0.500000	0.500000	0.500000	
0.500000	0.500000	0.500000	
0.500000	0.500000	0.500000	
0.500000	0.500000	0.500000	
0.500000
160