100
20
3
1.433333	1.283333	0.450000	0.283333	0.466667	0.600000	0.566667	0.216667	1.166667	1.100000	1.183333	0.483333	0.716667	1.183333	0.850000	1.183333	1.283333	1.450000	0.283333	0.233333	0.683333	0.683333	0.816667	0.550000	0.333333	1.166667	0.616667	0.566667	1.100000	0.533333	0.566667	0.800000	0.950000	0.800000	0.816667	1.516667	1.016667	0.316667	0.983333	1.550000	1.333333	1.016667	1.116667	0.766667	0.200000	0.616667	0.500000	0.450000	1.416667	1.283333	0.566667	0.633333	1.300000	0.850000	0.483333	1.133333	0.266667	0.816667	0.433333	0.633333	0.950000	0.816667	0.900000	0.200000	0.350000	1.650000	1.333333	0.266667	0.633333	0.750000	1.183333	1.250000	1.516667	0.216667	0.716667	0.900000	0.500000	1.316667	0.666667	0.550000	0.966667	0.650000	0.916667	1.350000	0.983333	0.616667	0.350000	0.700000	0.900000	1.550000	0.833333	0.916667	0.983333	0.200000	0.233333	1.033333	1.283333	0.966667	1.350000	1.066667	
1.978004	2.282132	0.784618	0.430116	1.900164	1.675000	0.292617	1.495201	1.510381	0.965013	1.281113	2.035006	1.513275	0.807001	1.842044	2.173850	0.400780	0.965013	1.976898	1.661701	
1.554228	1.140175	1.101136	1.736555	1.981161	0.540833	1.739253	1.274755	1.985101	0.612883	0.340037	0.814325	1.575793	1.632674	0.395285	1.451293	1.063602	0.863496	2.346540	0.752080	
0.482830	0.539676	2.128673	2.068967	1.147279	1.755349	2.276236	0.682825	1.488498	1.162164	1.555032	0.654313	0.965984	1.643358	1.252996	0.206155	1.812457	1.068000	1.619413	0.500625	
0.601041	1.182423	1.681703	1.347683	0.800391	1.717010	1.590794	0.125000	0.873212	0.743303	1.372953	1.101136	0.395285	0.901388	1.410895	0.831039	1.256234	0.502494	1.171804	0.657647	
2.319078	2.043588	0.475657	1.644878	2.582876	0.675463	1.461592	1.929054	2.405333	1.068000	0.564026	1.717010	2.146654	1.825000	1.166190	2.300543	0.874643	1.330648	2.842974	1.600195	
0.728011	1.748035	2.541284	1.833712	0.152069	2.647286	2.167516	0.835539	0.660492	1.666208	2.308950	1.822430	0.585235	1.294701	2.288695	1.113833	2.064128	1.398660	0.467039	1.465009	
0.548293	1.353699	1.882817	1.376817	0.540833	1.981161	1.662077	0.206155	0.650481	0.983933	1.630376	1.319327	0.134629	0.870704	1.672199	0.883883	1.426972	0.719809	0.908983	0.893378	
1.744456	1.294701	1.027740	1.800174	2.161307	0.355317	1.765290	1.456451	2.142574	0.738664	0.230489	0.965984	1.750179	1.748035	0.424264	1.637834	1.079352	1.007782	2.516446	0.941077	
2.107872	2.593260	1.253994	0.195256	1.868154	2.152324	0.282843	1.640122	1.383158	1.337208	1.750179	2.382357	1.554228	0.719809	2.275137	2.373025	0.878208	1.248249	1.825171	1.969296	
0.728869	0.682367	1.673507	1.726630	1.248249	1.364047	1.891593	0.577170	1.422146	0.715891	1.118034	0.550000	0.917197	1.375682	0.937083	0.650481	1.376817	0.672681	1.677982	0.111803	
2.122646	1.507481	1.234909	2.184176	2.581182	0.158114	2.105350	1.874166	2.579365	1.173936	0.555090	1.191900	2.177872	2.174425	0.530330	1.963734	1.425219	1.445035	2.948093	1.299279	
1.225255	2.223876	2.572086	1.634396	0.550568	2.890610	1.990760	1.152443	0.447214	1.838478	2.510478	2.246108	0.816241	1.140175	2.620234	1.625000	2.068363	1.555635	0.090139	1.838478	
2.245134	2.308950	0.276134	0.976281	2.305699	1.329003	0.728869	1.779396	1.986989	1.021335	1.007782	2.015099	1.885636	1.308864	1.650757	2.356374	0.400000	1.163239	2.452040	1.732953	
2.253470	2.726032	1.281113	0.340037	2.009042	2.225140	0.285044	1.785007	1.516781	1.454519	1.831154	2.508610	1.699448	0.863496	2.376973	2.516446	0.951315	1.380444	1.952562	2.101339	
0.972754	1.513481	1.432000	0.957209	0.958188	1.706055	1.207528	0.493077	0.781025	0.640312	1.312440	1.372953	0.530330	0.538516	1.528275	1.220912	0.958188	0.360555	1.195042	0.921954	
1.017964	1.904107	2.034853	1.181630	0.536773	2.375000	1.525819	0.750417	0.111803	1.312440	1.984943	1.860779	0.431567	0.650000	2.150145	1.399330	1.533175	1.030776	0.548293	1.422146	
0.957209	0.410030	1.789728	2.025154	1.554228	1.250250	2.155371	0.916856	1.767767	0.919239	1.110180	0.200000	1.255488	1.710263	0.726722	0.726722	1.578171	0.961769	2.001406	0.254951	
2.203548	2.195450	0.111803	1.102554	2.316247	1.154340	0.886002	1.750714	2.034853	0.946375	0.845946	1.892914	1.887624	1.380444	1.495410	2.286099	0.413824	1.125000	2.495245	1.638788	
1.883149	1.950160	0.403887	0.917197	1.988875	1.150272	0.803508	1.425000	1.724094	0.650000	0.764853	1.665083	1.559247	1.096586	1.364047	1.985101	0.134629	0.801561	2.180166	1.364734	
0.498121	1.138530	1.779396	1.440703	0.742462	1.776584	1.690044	0.035355	0.880696	0.831039	1.445035	1.085415	0.371652	0.980115	1.442221	0.743303	1.358308	0.600521	1.141271	0.656220	
2.015564	1.559848	0.916856	1.866815	2.405333	0.175000	1.777815	1.706055	2.346540	0.925338	0.257391	1.231361	1.984943	1.891098	0.626997	1.917192	1.100284	1.206752	2.740096	1.219119	
0.826514	1.817278	2.340940	1.566246	0.180278	2.545584	1.905912	0.763217	0.381608	1.520074	2.183031	1.842044	0.442295	1.029866	2.239699	1.227294	1.851013	1.241219	0.348210	1.442437	
0.917197	0.905884	1.407347	1.510381	1.325943	1.200260	1.648674	0.618971	1.392839	0.447214	0.901388	0.696419	0.936082	1.216553	0.872138	0.908639	1.110462	0.447214	1.712637	0.282843	
1.850000	1.497707	0.800391	1.656804	2.205816	0.388104	1.587648	1.513481	2.128673	0.707990	0.035355	1.171004	1.780449	1.667708	0.654313	1.786232	0.903120	0.990581	2.528463	1.082243	
1.511001	0.875357	1.451293	2.044658	2.035006	0.675463	2.075151	1.338376	2.130874	0.880696	0.665676	0.550568	1.668270	1.877665	0.141421	1.320038	1.408900	1.079641	2.443870	0.689656	
1.097725	0.251247	1.959751	2.258871	1.732231	1.300240	2.380257	1.129436	1.982738	1.136332	1.233390	0.079057	1.463728	1.947113	0.731864	0.795692	1.785532	1.196349	2.191033	0.491172	
1.825171	2.033624	0.620987	0.649038	1.842044	1.402007	0.577170	1.348379	1.523155	0.707107	1.001249	1.773415	1.426972	0.860233	1.557442	1.980057	0.134629	0.761577	1.986989	1.421267	
1.006231	0.797261	1.431127	1.655295	1.472455	1.085415	1.770064	0.770146	1.565647	0.530330	0.834416	0.548862	1.097725	1.386092	0.707549	0.926350	1.190851	0.601041	1.873666	0.226385	
1.068000	0.079057	2.136879	2.388122	1.728077	1.475212	2.526114	1.177391	2.025000	1.290591	1.415318	0.261008	1.500208	2.048322	0.901388	0.721110	1.947434	1.325000	2.196588	0.604669	
0.459619	1.156774	1.831154	1.465009	0.689656	1.831154	1.722099	0.025000	0.851469	0.886002	1.500833	1.118034	0.333542	0.992472	1.491015	0.730154	1.405569	0.651920	1.095730	0.696419	
0.973717	0.535023	1.667708	1.911969	1.535008	1.171004	2.035006	0.869626	1.711176	0.795692	1.002809	0.292617	1.209597	1.613420	0.680074	0.790569	1.453444	0.850368	1.969772	0.182003	
1.093446	1.407569	1.187960	0.999062	1.221167	1.407569	1.168867	0.625500	1.081954	0.340037	1.011496	1.211662	0.784618	0.725000	1.265899	1.252996	0.756637	0.075000	1.491643	0.784618	
1.277204	1.432873	0.976281	1.027740	1.454519	1.197132	1.125000	0.831039	1.308625	0.150000	0.790569	1.192686	1.017964	0.873212	1.125000	1.384061	0.594243	0.206155	1.725724	0.813941	
1.882817	2.039148	0.515388	0.743303	1.927596	1.325000	0.632949	1.410895	1.622113	0.715017	0.933408	1.768120	1.507481	0.965013	1.513481	2.019437	0.055902	0.807001	2.084616	1.435705	
2.338402	2.733587	1.118034	0.456207	2.147673	2.109502	0.180278	1.860779	1.677982	1.428504	1.730787	2.496623	1.811250	0.995301	2.308950	2.575121	0.855132	1.396648	2.125147	2.109650	
1.330883	0.381608	2.020056	2.429249	1.969296	1.241219	2.525495	1.361295	2.214159	1.277693	1.252996	0.250000	1.697425	2.147673	0.661910	1.011496	1.901480	1.375682	2.428091	0.701783	
0.886707	0.152069	2.104311	2.267432	1.546165	1.532359	2.425000	1.007782	1.850676	1.210372	1.422146	0.316228	1.325236	1.903943	0.976281	0.550568	1.875000	1.210372	2.015099	0.494975	
1.201041	2.202981	2.582755	1.656804	0.525000	2.888014	2.012616	1.140449	0.459619	1.838818	2.510229	2.229630	0.806226	1.158123	2.611154	1.600195	2.079814	1.556037	0.055902	1.825171	
2.419969	2.672195	0.800391	0.711512	2.329834	1.849493	0.357946	1.937298	1.910497	1.345362	1.504161	2.405203	1.952242	1.204159	2.125000	2.605883	0.691466	1.389244	2.372367	2.061553	
1.632483	0.952956	1.468205	2.128967	2.160006	0.604669	2.142574	1.463087	2.251944	0.975320	0.671751	0.637377	1.792345	1.982738	0.025000	1.431127	1.467353	1.187960	2.568195	0.813173	
0.160078	0.892328	2.128673	1.870328	0.794512	1.934231	2.118077	0.425735	1.152443	1.150272	1.669019	0.964689	0.640800	1.397542	1.491643	0.335410	1.746425	0.976281	1.265899	0.665676	
0.285044	1.050298	1.975633	1.645068	0.682367	1.892914	1.901480	0.201556	0.955249	1.011187	1.589025	1.059481	0.431567	1.167262	1.505199	0.561805	1.566246	0.801561	1.130542	0.680074	
0.442295	1.275245	1.944544	1.479231	0.530330	1.987775	1.759616	0.176777	0.726722	1.021335	1.650947	1.261200	0.201556	0.976281	1.650757	0.782624	1.500000	0.770146	0.939415	0.850368	
1.683931	1.375682	0.851469	1.575000	2.040221	0.514782	1.540292	1.346291	1.975633	0.555090	0.134629	1.053862	1.616516	1.542117	0.617454	1.629801	0.855132	0.835539	2.368808	0.926350	
0.090139	1.091444	2.325134	1.950801	0.625500	2.180883	2.226264	0.539676	1.073837	1.355775	1.905420	1.200260	0.618971	1.445035	1.741407	0.452769	1.916377	1.152443	1.100000	0.915492	
2.121615	2.422421	0.798827	0.465027	2.027468	1.754459	0.201556	1.638788	1.619413	1.101136	1.372953	2.170829	1.648105	0.912414	1.954642	2.319617	0.498121	1.110180	2.084017	1.803469	
1.320038	0.505594	1.805028	2.247221	1.923051	1.052675	2.328760	1.274019	2.118077	1.084551	1.039832	0.215058	1.614001	1.994054	0.475000	1.050298	1.695029	1.206752	2.367620	0.588430	
1.569235	2.062311	1.187697	0.353553	1.405569	1.844078	0.625000	1.095730	1.000625	0.878208	1.425219	1.871163	1.044031	0.302076	1.851520	1.825000	0.689656	0.728869	1.467353	1.442654	
1.685415	2.186607	1.202601	0.230489	1.492062	1.922563	0.530330	1.215010	1.057414	0.986471	1.505199	1.992643	1.147007	0.350892	1.955761	1.947434	0.721110	0.850368	1.520691	1.566246	
1.521923	2.221627	1.646398	0.579871	1.165386	2.256241	0.937083	1.110462	0.657647	1.225765	1.838478	2.088660	0.919918	0.206155	2.189321	1.851520	1.149184	1.001249	1.100284	1.637834	
2.168237	1.736555	0.831039	1.873833	2.531427	0.265754	1.751606	1.839327	2.441823	1.025914	0.360555	1.408013	2.105053	1.947434	0.798827	2.084017	1.093446	1.308625	2.848794	1.382932	
1.076162	2.065188	2.437724	1.550202	0.412311	2.728095	1.902630	0.984886	0.328824	1.680216	2.351197	2.081015	0.648556	1.035917	2.452805	1.476906	1.936814	1.397542	0.145774	1.671264	
1.950000	1.516781	0.896172	1.811077	2.335193	0.230489	1.731509	1.636498	2.276236	0.855132	0.190394	1.187960	1.914419	1.825171	0.604669	1.858259	1.050298	1.136332	2.669387	1.158123	
2.292651	2.679202	1.073837	0.425735	2.113203	2.057456	0.125000	1.814008	1.650757	1.372953	1.677051	2.441311	1.770946	0.961769	2.253470	2.525495	0.800391	1.343503	2.101339	2.055480	
0.525595	1.025000	1.725000	1.485345	0.867828	1.660008	1.712637	0.167705	1.011187	0.756637	1.341641	0.955249	0.506211	1.054751	1.310773	0.695072	1.328768	0.559017	1.275000	0.522015	
1.085415	2.055480	2.347871	1.450216	0.447214	2.663175	1.802776	0.948683	0.230489	1.608765	2.281036	2.055633	0.608790	0.937083	2.404423	1.485345	1.845603	1.325943	0.237171	1.636498	
0.831039	0.825379	1.510381	1.582127	1.277204	1.269350	1.733854	0.575543	1.384061	0.548293	0.989002	0.642748	0.905884	1.261200	0.901388	0.806226	1.209339	0.520216	1.680774	0.201556	
1.935362	1.800347	0.395285	1.291559	2.160150	0.778621	1.175266	1.521923	1.975633	0.661910	0.425000	1.488498	1.723550	1.410009	1.070047	1.960230	0.509902	0.910014	2.412986	1.279893	
2.486966	2.893635	1.229075	0.585235	2.273901	2.245134	0.340037	2.011374	1.789204	1.587844	1.873833	2.656360	1.950000	1.123054	2.460818	2.730041	1.004054	1.556037	2.227246	2.269637	
1.725724	1.054751	1.421267	2.139655	2.241093	0.509902	2.136001	1.540292	2.315302	1.002809	0.625000	0.740355	1.865643	2.018818	0.079057	1.531747	1.454734	1.231107	2.642206	0.903120	
2.256795	2.107724	0.200000	1.386768	2.452040	0.894427	1.188486	1.833712	2.226123	0.980115	0.660019	1.789728	2.016340	1.609542	1.310057	2.286099	0.637377	1.212693	2.676051	1.603317	
1.364734	1.305038	0.927699	1.274755	1.650947	0.922293	1.319327	0.975000	1.565647	0.145774	0.530330	1.025305	1.220656	1.158123	0.853302	1.389469	0.689656	0.425735	1.962938	0.728869	
1.342805	1.783606	1.151629	0.625000	1.281113	1.648105	0.840387	0.860959	0.973717	0.626997	1.231107	1.592365	0.876427	0.403887	1.600781	1.570032	0.650000	0.450694	1.431782	1.163239	
1.744276	2.170973	1.044330	0.254951	1.604875	1.800174	0.436606	1.265158	1.196349	0.917197	1.386092	1.957358	1.236932	0.491172	1.870328	1.980057	0.570636	0.825379	1.662265	1.546367	
1.305996	1.312440	0.961769	1.212693	1.569235	1.012423	1.277693	0.901388	1.475847	0.055902	0.618971	1.046721	1.137157	1.073837	0.925338	1.353237	0.675463	0.336341	1.875167	0.716327	
1.965006	2.499625	1.333464	0.127475	1.700184	2.167516	0.425000	1.505199	1.209339	1.285496	1.756417	2.304886	1.398660	0.559017	2.245134	2.245134	0.910014	1.162970	1.650189	1.879495	
2.091202	2.490984	1.030776	0.261008	1.923538	1.950000	0.100000	1.612452	1.475847	1.197132	1.555032	2.260669	1.573412	0.776611	2.105053	2.325134	0.675463	1.150272	1.932938	1.866313	
0.257391	0.770146	2.139655	1.949679	0.916856	1.880990	2.184176	0.515388	1.274755	1.159741	1.637834	0.860233	0.759111	1.491643	1.415318	0.230489	1.779220	1.012423	1.389469	0.604152	
2.376973	2.669387	0.876427	0.618466	2.261222	1.907387	0.261008	1.894235	1.829276	1.343968	1.549597	2.410653	1.892749	1.125278	2.158269	2.576941	0.707549	1.366108	2.288695	2.053351	
1.565647	1.258223	0.950329	1.579953	1.940522	0.585769	1.573412	1.241219	1.900658	0.492443	0.254951	0.939415	1.521923	1.504161	0.561805	1.505199	0.896172	0.763217	2.282132	0.801561	
0.348210	1.367708	2.393872	1.871163	0.357946	2.364450	2.174425	0.594243	0.860233	1.456022	2.057304	1.457738	0.506211	1.341641	1.962301	0.731864	1.950160	1.216553	0.826514	1.131371	
1.180042	0.705780	1.488498	1.866815	1.700184	0.941077	1.950801	1.007782	1.818310	0.704450	0.785016	0.395285	1.341641	1.629801	0.477624	1.020110	1.328768	0.834416	2.114976	0.355317	
1.552417	1.825000	0.838525	0.657647	1.574206	1.418846	0.730154	1.073837	1.286954	0.525595	1.000625	1.587844	1.154340	0.675463	1.467353	1.722099	0.340037	0.506211	1.744456	1.202601	
1.044330	1.795132	1.721918	0.941077	0.756637	2.094039	1.265899	0.650000	0.410030	1.026219	1.695029	1.701654	0.445112	0.403887	1.913439	1.380670	1.221167	0.750417	0.860959	1.250250	
2.026080	2.246803	0.604669	0.610328	2.003902	1.528275	0.425000	1.546165	1.645068	0.919918	1.147279	1.982738	1.600781	0.951972	1.736555	2.191603	0.279508	0.972754	2.112019	1.635925	
2.158269	2.516446	0.948683	0.371652	2.015564	1.902630	0.050000	1.677051	1.578171	1.206493	1.516781	2.275549	1.655483	0.875000	2.087163	2.378287	0.637377	1.185591	2.037462	1.893575	
0.585235	0.656220	2.516570	2.408319	1.234150	2.093591	2.635930	0.973717	1.676678	1.549597	1.925162	0.906228	1.185327	1.949679	1.557442	0.230489	2.196161	1.442654	1.704589	0.878208	
1.804335	1.860108	0.460977	0.946375	1.930026	1.101136	0.863134	1.350926	1.685415	0.561805	0.704006	1.575793	1.497707	1.079641	1.286954	1.899013	0.176777	0.725000	2.136879	1.275000	
2.003902	1.380670	1.263428	2.151308	2.475126	0.215058	2.093144	1.768120	2.491109	1.100284	0.527376	1.064483	2.077408	2.112019	0.403113	1.838478	1.408013	1.364047	2.850439	1.179248	
0.649038	1.195042	1.631908	1.310057	0.840015	1.680216	1.547781	0.175000	0.886002	0.696419	1.331353	1.100000	0.425735	0.874643	1.386768	0.867828	1.206493	0.452769	1.200260	0.651920	
0.617454	1.231107	1.686898	1.315770	0.770146	1.750893	1.566246	0.134629	0.824621	0.761577	1.400893	1.151086	0.355317	0.860233	1.454519	0.866386	1.252248	0.509902	1.130542	0.707107	
0.575000	1.578765	2.316247	1.669019	0.111803	2.413504	1.990603	0.602080	0.585769	1.431127	2.073192	1.625000	0.357946	1.130542	2.065490	0.975320	1.845603	1.165386	0.579871	1.248249	
1.004988	1.120547	1.256234	1.297112	1.305038	1.219887	1.434617	0.614919	1.286954	0.276134	0.866747	0.906228	0.884590	1.027740	0.989002	1.068000	0.916856	0.237171	1.648674	0.496236	
1.181630	0.265754	2.440415	2.669504	1.858259	1.736555	2.820129	1.388569	2.214159	1.591383	1.708801	0.559017	1.690044	2.304886	1.156774	0.789383	2.250694	1.610124	2.333586	0.890225	
1.095730	0.333542	1.869826	2.180166	1.713549	1.227294	2.295920	1.089151	1.941166	1.050298	1.147007	0.025000	1.426753	1.879661	0.667083	0.820061	1.697056	1.119431	2.166218	0.427931	
0.992472	0.416083	1.777815	2.035313	1.587648	1.220912	2.160006	0.946375	1.796176	0.919918	1.089151	0.176777	1.285496	1.728077	0.693271	0.760345	1.575793	0.972754	2.033624	0.276134	
1.377725	1.261943	0.948683	1.348379	1.691892	0.860233	1.386542	1.006231	1.625000	0.213600	0.480234	0.973717	1.265158	1.231107	0.778621	1.380670	0.745822	0.485412	2.015254	0.704006	
1.219119	0.872138	1.319327	1.707703	1.681703	0.872138	1.779923	0.976281	1.746425	0.538516	0.650000	0.570088	1.296630	1.500000	0.515388	1.113833	1.152443	0.700000	2.073192	0.412311	
1.609542	2.251944	1.520280	0.427931	1.296630	2.182029	0.785016	1.175266	0.803508	1.179248	1.762988	2.098362	1.020110	0.201556	2.152324	1.920937	1.030776	0.980115	1.251000	1.652460	
1.350231	1.415980	0.901388	1.103687	1.565248	1.073546	1.166190	0.921954	1.432873	0.090139	0.665676	1.155692	1.129436	0.989002	1.027740	1.425219	0.575543	0.313249	1.846957	0.811249	
2.025617	2.375395	0.894427	0.336341	1.905912	1.800000	0.180278	1.543535	1.488498	1.068000	1.405569	2.136147	1.534805	0.781425	1.961186	2.239699	0.525595	1.044330	1.952242	1.752320	
1.959751	2.400521	1.097725	0.125000	1.775528	1.955761	0.250000	1.484082	1.325943	1.132751	1.550202	2.183031	1.431127	0.626997	2.069118	2.205958	0.686477	1.055047	1.783606	1.775704	
2.098362	1.776584	0.617454	1.655483	2.409616	0.459619	1.526843	1.733854	2.281036	0.887764	0.301040	1.449353	1.976898	1.754459	0.901388	2.055480	0.873212	1.165386	2.701851	1.352082	
1.715007	1.076162	1.366794	2.087163	2.218248	0.477624	2.081015	1.515132	2.280899	0.955249	0.570088	0.756637	1.837457	1.972942	0.103078	1.533175	1.399330	1.188486	2.614025	0.890225	
0.965984	0.475657	2.613666	2.674065	1.629801	2.025154	2.867272	1.286954	2.050152	1.693554	1.936653	0.800391	1.542117	2.253470	1.453444	0.570088	2.358495	1.648674	2.102380	0.973717	
1.226020	0.215058	2.170541	2.494118	1.885802	1.435705	2.615578	1.325236	2.175575	1.370447	1.421487	0.301040	1.651704	2.174425	0.855862	0.874643	2.015564	1.431127	2.353720	0.719809	
2.114976	1.485345	1.267379	2.206949	2.580940	0.190394	2.132194	1.873833	2.586624	1.185591	0.577170	1.171804	2.180166	2.189892	0.509902	1.950000	1.450862	1.454519	2.951694	1.290591	
2.219234	1.754459	0.897566	1.952562	2.595308	0.235850	1.827738	1.900164	2.514210	1.096016	0.425735	1.426972	2.170829	2.025154	0.800391	2.123235	1.171804	1.378858	2.918154	1.425219	
0.738241	1.625769	2.000156	1.312440	0.400780	2.211476	1.632674	0.485412	0.375832	1.175266	1.841535	1.598828	0.150000	0.775403	1.935362	1.114955	1.515957	0.895126	0.656220	1.171004	
0.127475	1.086566	2.375000	2.006552	0.654313	2.213736	2.282132	0.594243	1.118034	1.403567	1.944865	1.210372	0.671751	1.500000	1.765113	0.436606	1.969296	1.204159	1.126111	0.943398	
10	15	20	
10	15	20	
10	15	20	
10	15	20	
10	15	20	
10	15	20	
10	15	20	
10	15	20	
10	15	20	
10	15	20	
10	15	20	
10	15	20	
10	15	20	
10	15	20	
10	15	20	
10	15	20	
10	15	20	
10	15	20	
10	15	20	
10	15	20	
10	15	20	
10	15	20	
10	15	20	
10	15	20	
10	15	20	
10	15	20	
10	15	20	
10	15	20	
10	15	20	
10	15	20	
10	15	20	
10	15	20	
10	15	20	
10	15	20	
10	15	20	
10	15	20	
10	15	20	
10	15	20	
10	15	20	
10	15	20	
1.000000	1.000000	1.000000	
1.000000	1.000000	1.000000	
1.000000	1.000000	1.000000	
1.000000	1.000000	1.000000	
1.000000	1.000000	1.000000	
1.000000	1.000000	1.000000	
1.000000	1.000000	1.000000	
1.000000	1.000000	1.000000	
1.000000	1.000000	1.000000	
1.000000	1.000000	1.000000	
1.000000	1.000000	1.000000	
1.000000	1.000000	1.000000	
1.000000	1.000000	1.000000	
1.000000	1.000000	1.000000	
1.000000	1.000000	1.000000	
1.000000	1.000000	1.000000	
1.000000	1.000000	1.000000	
1.000000	1.000000	1.000000	
1.000000	1.000000	1.000000	
1.000000	1.000000	1.000000	
0.200000
200