100
20
3
0.733333	0.783333	1.516667	0.800000	0.900000	0.650000	0.916667	0.716667	0.200000	1.500000	0.483333	0.366667	0.616667	1.266667	1.250000	1.366667	0.533333	0.600000	0.550000	0.500000	1.050000	0.483333	0.516667	0.333333	1.300000	0.616667	0.916667	0.966667	0.316667	0.216667	1.366667	0.700000	0.766667	1.250000	1.250000	0.516667	1.066667	0.200000	1.600000	0.683333	0.250000	0.700000	1.483333	1.216667	1.566667	0.500000	1.016667	1.483333	0.416667	1.616667	0.550000	0.683333	1.200000	0.433333	0.183333	1.550000	1.500000	0.200000	1.433333	0.200000	1.000000	0.666667	0.400000	1.150000	0.383333	0.550000	1.466667	0.750000	0.916667	0.633333	1.400000	0.283333	1.033333	0.300000	1.033333	0.233333	0.850000	0.916667	1.500000	0.450000	0.616667	0.916667	0.250000	0.200000	0.800000	1.150000	1.483333	1.216667	0.183333	0.883333	0.766667	0.266667	0.266667	0.950000	1.500000	0.833333	1.033333	0.550000	0.166667	0.516667	
2.211476	0.986154	1.775000	1.296630	0.100000	0.707107	1.346291	2.161741	2.280899	1.944865	2.711319	1.185591	2.301223	2.050152	1.430035	1.653028	0.986154	1.706055	1.978004	1.328533	
1.868321	1.092016	0.235850	2.050914	1.902630	1.204159	0.618466	0.251247	1.209339	2.427447	1.716464	1.432000	0.925000	1.937298	1.710263	2.581182	1.750000	1.276959	0.750000	0.919239	
1.209339	1.222957	0.443001	1.463087	1.731509	1.085415	0.850368	0.820061	0.700446	1.770064	1.221935	0.860959	0.604152	1.264911	1.079641	1.975633	1.226020	0.604152	0.279508	0.400780	
1.047020	1.252248	1.133578	0.689656	1.256234	0.879275	1.162164	1.565647	1.152443	1.147007	1.532359	0.070711	1.277204	0.933408	0.406971	1.220912	0.436606	0.525595	0.995301	0.442295	
0.903120	1.423464	0.752080	1.253994	1.777990	1.202601	1.109617	1.110462	0.548862	1.488707	1.025914	0.704006	0.626997	0.956883	0.840387	1.741049	1.082243	0.305164	0.369121	0.425735	
1.027740	2.084017	2.022993	0.328824	1.717010	1.665270	2.071382	2.440543	1.668270	0.325000	1.801562	0.850000	1.934231	0.778621	0.548293	0.388104	0.700446	1.089151	1.740869	1.345595	
2.100000	0.650481	0.548862	2.011374	1.546165	0.883530	0.235850	0.696419	1.574206	2.493116	2.098362	1.419947	1.346291	2.114829	1.750179	2.544725	1.660008	1.453444	1.100284	0.958188	
2.441311	0.760345	1.716464	1.632674	0.292617	0.660019	1.200260	2.055480	2.386027	2.280488	2.855368	1.407569	2.347871	2.307054	1.699448	2.025000	1.288652	1.874166	2.023765	1.415318	
0.903120	2.020210	1.100284	1.761391	2.448724	1.855061	1.629801	1.250250	0.127475	1.777990	0.460977	1.319327	0.350892	1.102554	1.330883	2.167083	1.684117	0.776611	0.548862	1.089151	
1.110180	1.140449	0.675463	1.160011	1.487658	0.901734	0.876427	1.096586	0.845946	1.522539	1.325943	0.548862	0.863134	1.104536	0.800391	1.681703	0.910014	0.452769	0.550568	0.125000	
1.913766	0.325000	0.941409	1.463087	0.853302	0.167705	0.482830	1.300961	1.679472	2.040374	2.180166	0.975320	1.595306	1.843909	1.325000	1.973100	1.083109	1.274755	1.275980	0.742041	
1.929054	1.309819	0.403113	2.218248	2.127352	1.428504	0.838525	0.035355	1.202341	2.555020	1.681703	1.600781	0.878208	2.023919	1.856913	2.742832	1.934716	1.380670	0.783023	1.090011	
1.158123	1.717010	0.738241	1.794610	2.253470	1.610318	1.296389	0.875357	0.357946	1.940522	0.838525	1.258968	0.079057	1.310057	1.369535	2.258456	1.637261	0.794512	0.246221	0.897566	
1.934716	0.640312	1.325000	1.225255	0.460977	0.269258	0.919239	1.714825	1.886796	1.856071	2.346540	0.905884	1.875667	1.811250	1.217580	1.686713	0.851469	1.361295	1.550806	0.917878	
0.785016	1.556639	0.863134	1.257229	1.882319	1.325943	1.243232	1.196349	0.450694	1.432000	0.901734	0.751665	0.601041	0.860959	0.831039	1.722099	1.125000	0.257391	0.406971	0.548293	
1.285496	0.942404	0.686477	1.150272	1.290591	0.689656	0.731864	1.123610	1.055047	1.592365	1.538059	0.535023	1.044031	1.251000	0.850368	1.683931	0.845946	0.632456	0.721543	0.090139	
2.220360	0.726722	1.584692	1.417965	0.213600	0.505594	1.113833	1.950641	2.191603	2.064128	2.651061	1.185854	2.173131	2.083867	1.475847	1.827738	1.068000	1.662077	1.848141	1.221935	
1.009022	1.453444	1.397542	0.425735	1.290349	1.051190	1.411559	1.827738	1.300961	0.912414	1.612839	0.195256	1.475847	0.840015	0.223607	0.955249	0.269258	0.650481	1.217580	0.707107	
1.503330	0.832541	0.395285	1.469906	1.417965	0.735272	0.485412	0.827647	1.090011	1.901480	1.608765	0.855132	0.970824	1.507481	1.163239	2.003902	1.155692	0.850000	0.656220	0.357946	
2.127205	0.265754	1.171004	1.566246	0.687841	0.230489	0.650481	1.503330	1.927596	2.175575	2.425000	1.147279	1.844587	2.040221	1.488498	2.050152	1.184536	1.500833	1.525819	0.980115	
1.530114	2.414151	2.510478	0.691466	1.850169	1.986989	2.483068	2.937899	2.206383	0.632949	2.316382	1.308625	2.471083	1.281113	1.060955	0.160078	1.041933	1.622113	2.268397	1.820886	
1.226020	1.081665	0.515388	1.315770	1.533786	0.901388	0.764853	0.938416	0.848528	1.680774	1.355083	0.700446	0.798827	1.241219	0.960469	1.839837	1.051190	0.577170	0.474342	0.206155	
2.170397	0.291548	1.226020	1.584692	0.650000	0.269258	0.700000	1.555032	1.981161	2.200000	2.477146	1.182423	1.900164	2.079213	1.520691	2.061553	1.204159	1.547781	1.581139	1.030776	
1.931321	0.328824	0.990581	1.449353	0.803508	0.125000	0.529741	1.350926	1.715554	2.034853	2.213171	0.977880	1.637834	1.855398	1.325943	1.954642	1.068000	1.297112	1.317431	0.770146	
1.922563	1.103687	0.291548	2.103717	1.930835	1.234150	0.632949	0.226385	1.256234	2.483068	1.760149	1.484924	0.965013	1.992800	1.765113	2.634507	1.800174	1.332760	0.800391	0.972433	
1.165386	1.520691	0.577170	1.667708	2.055480	1.408900	1.110180	0.800391	0.460977	1.874166	0.980434	1.103687	0.279508	1.282819	1.252996	2.152324	1.480709	0.695072	0.050000	0.707107	
1.485135	0.951972	1.226020	0.824621	0.816241	0.530330	1.027740	1.657747	1.536636	1.425219	1.955761	0.450694	1.594718	1.353006	0.759111	1.332760	0.443001	0.950329	1.281113	0.625500	
0.930390	2.565395	1.657747	2.022375	2.919118	2.369863	2.186607	1.771475	0.645174	1.853712	0.158114	1.711176	0.879275	1.179248	1.619027	2.328358	2.039914	1.163239	1.107362	1.592561	
1.291559	1.196349	1.333464	0.585235	0.995615	0.778621	1.227294	1.770770	1.461592	1.175266	1.833712	0.279508	1.575000	1.137157	0.525595	1.107362	0.215058	0.831039	1.281113	0.664267	
1.810559	1.355083	1.842044	0.763217	0.675463	0.954594	1.575198	2.270600	2.069118	1.398660	2.423324	0.879275	2.177298	1.613420	1.005609	1.077613	0.548862	1.432000	1.875167	1.231361	
1.099147	2.482438	2.357568	0.725431	2.098809	2.065188	2.452040	2.760548	1.860779	0.180278	1.885802	1.226020	2.165208	0.863496	0.894427	0.460977	1.101136	1.361295	2.015564	1.700000	
1.231361	1.041933	0.565685	1.258223	1.463087	0.840015	0.753741	0.995615	0.903120	1.644118	1.402007	0.640312	0.869626	1.231361	0.915492	1.785532	0.983933	0.575543	0.546008	0.134629	
0.230489	2.216134	1.748035	0.961769	2.185463	1.865811	2.025154	2.091799	1.027740	0.697316	1.019804	0.962094	1.362213	0.055902	0.675463	1.175266	1.131923	0.711073	1.286954	1.225255	
1.055047	1.513275	1.505199	0.318198	1.277693	1.101136	1.498332	1.936653	1.400000	0.851469	1.693000	0.301040	1.583706	0.866386	0.250000	0.851469	0.212132	0.750417	1.328533	0.813941	
0.673146	2.375132	2.079814	0.790569	2.160150	1.982738	2.265226	2.456751	1.465009	0.276134	1.456022	1.075000	1.787631	0.450694	0.725431	0.807001	1.091444	1.041933	1.675187	1.473516	
2.382357	0.475657	1.478386	1.700735	0.530330	0.496236	0.933408	1.792519	2.231871	2.335862	2.722591	1.369535	2.157110	2.275000	1.693000	2.142720	1.330883	1.775704	1.837457	1.273283	
1.330883	2.349069	2.371181	0.581485	1.858259	1.923051	2.382357	2.793072	2.019437	0.436606	2.117929	1.180042	2.292651	1.082243	0.903120	0.125000	0.956883	1.449569	2.101339	1.686898	
0.781425	2.028854	1.851520	0.424264	1.779396	1.625192	1.961186	2.256795	1.425219	0.348210	1.550806	0.740355	1.702388	0.534439	0.395285	0.637377	0.711512	0.870704	1.526843	1.196349	
0.960469	1.375909	1.237437	0.590021	1.326885	0.995301	1.288652	1.665083	1.156774	1.020110	1.500208	0.079057	1.315295	0.827647	0.279508	1.113833	0.400780	0.509902	1.051487	0.550568	
0.237171	2.367620	1.700735	1.384061	2.493116	2.071382	2.093591	1.971357	0.771767	1.134956	0.594243	1.237942	1.129712	0.480885	1.033501	1.625769	1.491015	0.794512	1.163239	1.337208	
0.477624	2.059126	1.302162	1.426972	2.320022	1.811767	1.739253	1.554228	0.360555	1.365650	0.459619	1.095730	0.716327	0.682367	1.011187	1.784657	1.423025	0.555090	0.751665	1.040433	
0.400780	2.114829	1.736555	0.772172	2.024846	1.746425	1.960230	2.105499	1.123610	0.559017	1.181630	0.831039	1.437228	0.152069	0.514782	1.001249	0.960469	0.693271	1.320038	1.159741	
0.972433	1.945829	1.007782	1.775528	2.404423	1.796176	1.546367	1.150272	0.145774	1.826540	0.559017	1.305996	0.251247	1.160011	1.343968	2.198010	1.676678	0.776611	0.465027	1.039832	
0.477624	1.792345	1.171804	1.127497	1.991231	1.511622	1.520691	1.500208	0.522015	1.180042	0.794512	0.760345	0.805062	0.561805	0.700000	1.533786	1.092016	0.230489	0.694622	0.761577	
1.538059	2.114533	2.295784	0.492443	1.525205	1.688564	2.215006	2.730041	2.118077	0.755811	2.300543	1.095730	2.348004	1.290591	0.917197	0.257391	0.778621	1.494364	2.114533	1.605070	
2.048322	1.364734	0.520216	2.340139	2.209072	1.513275	0.901388	0.090139	1.308625	2.680019	1.776584	1.722099	0.975000	2.146654	1.981161	2.865746	2.052438	1.505199	0.901388	1.210372	
1.305038	1.408013	1.574206	0.375832	1.051190	0.982344	1.470544	2.011374	1.607016	1.011187	1.929054	0.427931	1.758728	1.113833	0.500000	0.873212	0.050000	0.958188	1.480709	0.894427	
1.265158	1.394633	1.532359	0.382426	1.073546	0.970824	1.442221	1.969296	1.557241	1.004988	1.881821	0.378319	1.708984	1.078483	0.460977	0.894427	0.000000	0.908639	1.431782	0.850000	
1.700000	1.574206	1.957358	0.583631	0.925000	1.160011	1.752320	2.392697	2.057456	1.187697	2.366036	0.875357	2.205108	1.484082	0.910014	0.831039	0.500625	1.408013	1.919798	1.305038	
0.887764	1.653028	1.540495	0.333542	1.457738	1.251000	1.597655	1.962301	1.308625	0.715891	1.559247	0.371652	1.525819	0.689656	0.100000	0.820061	0.390512	0.673146	1.297112	0.860233	
0.309233	2.531057	1.935362	1.346291	2.565395	2.205958	2.291561	2.225562	1.039832	0.977880	0.832166	1.325000	1.397542	0.442295	1.061249	1.500417	1.520280	0.965984	1.412887	1.510381	
0.859142	2.500000	1.606432	1.944544	2.842974	2.298369	2.127205	1.736555	0.583095	1.784657	0.079057	1.632674	0.838525	1.107079	1.540292	2.254994	1.960867	1.085415	1.051190	1.520691	
1.142366	1.093446	0.925338	0.901734	1.248249	0.760345	0.958188	1.360147	1.086566	1.352082	1.520074	0.285044	1.154340	1.068878	0.608790	1.434617	0.614919	0.531507	0.850368	0.235850	
2.267432	0.673146	1.570032	1.488498	0.270416	0.498121	1.079641	1.925162	2.212041	2.133219	2.679202	1.234909	2.180883	2.136879	1.533175	1.904107	1.133854	1.697425	1.856239	1.241219	
0.649038	1.950160	1.706605	0.503115	1.779923	1.559848	1.849493	2.105053	1.258223	0.485412	1.400223	0.650000	1.535008	0.413824	0.301040	0.800391	0.707549	0.707990	1.364047	1.068000	
2.019437	1.422146	0.536773	2.346540	2.254994	1.557241	0.955249	0.103078	1.265899	2.670674	1.725181	1.730065	0.926350	2.125000	1.979899	2.869233	2.067003	1.491015	0.873212	1.220656	
0.794512	1.431127	0.961769	0.975000	1.630376	1.137157	1.200260	1.355083	0.740355	1.235162	1.137157	0.452769	0.892328	0.778621	0.561805	1.463087	0.825000	0.145774	0.648556	0.406971	
0.807001	2.375000	1.486607	1.858259	2.725000	2.175000	2.003279	1.629801	0.458939	1.734395	0.075000	1.523155	0.728869	1.049405	1.446764	2.189321	1.858259	0.972754	0.929045	1.397542	
1.241219	1.101136	1.144825	0.728869	1.063015	0.707107	1.073546	1.582127	1.312440	1.265899	1.715007	0.213600	1.402007	1.119431	0.552268	1.261943	0.390512	0.707549	1.101136	0.474342	
1.540292	1.179248	0.145774	1.800174	1.863632	1.171804	0.726722	0.460977	0.897566	2.130288	1.415318	1.185854	0.651920	1.615549	1.432000	2.321234	1.532359	0.961769	0.427931	0.682367	
1.534805	1.158123	0.134629	1.780449	1.838818	1.147279	0.707990	0.477624	0.903466	2.115715	1.423025	1.165386	0.665676	1.606432	1.414655	2.302444	1.510381	0.950329	0.431567	0.660492	
2.039914	1.340009	0.500000	2.321234	2.184176	1.488498	0.876427	0.079057	1.305996	2.665169	1.777815	1.702939	0.975320	2.135708	1.964211	2.847477	2.031779	1.492062	0.893378	1.190851	
1.138530	2.348537	2.280351	0.577170	1.936653	1.927596	2.340539	2.692815	1.856239	0.230489	1.927596	1.118034	2.143887	0.892328	0.805062	0.313249	0.958188	1.315770	1.971833	1.608765	
1.662077	0.561805	0.725431	1.353006	1.057414	0.371652	0.450694	1.128051	1.396648	1.879661	1.898190	0.794512	1.320984	1.612452	1.142639	1.882319	0.991527	1.012423	0.999062	0.469707	
0.801561	2.080415	1.906895	0.445112	1.815386	1.675000	2.016340	2.311385	1.467353	0.292617	1.578171	0.794512	1.749286	0.552268	0.450694	0.604669	0.752080	0.921954	1.578171	1.252248	
1.874166	0.445112	0.617454	1.644118	1.206493	0.515388	0.160078	0.950000	1.491015	2.160006	2.011374	1.075291	1.345362	1.850676	1.418846	2.173850	1.282819	1.216553	1.044330	0.676849	
0.675463	1.927596	1.110180	1.505199	2.268397	1.714825	1.578963	1.343968	0.160078	1.522539	0.512957	1.092016	0.506211	0.855132	1.076162	1.906076	1.446764	0.539676	0.550568	0.937083	
1.360606	1.410009	0.403113	1.779923	2.025617	1.352082	0.972433	0.601041	0.654313	2.034853	1.164313	1.188486	0.395285	1.466714	1.380444	2.281584	1.557442	0.849264	0.213600	0.731864	
0.594243	2.247221	1.426753	1.634396	2.540177	2.018044	1.903943	1.628074	0.400000	1.518223	0.237171	1.319327	0.740355	0.831039	1.225765	1.965960	1.644688	0.776611	0.863134	1.241974	
1.164313	1.885802	1.927596	0.111803	1.473516	1.461592	1.913439	2.356507	1.706239	0.571183	1.905912	0.725000	1.937298	0.925000	0.506211	0.425735	0.491172	1.083109	1.710629	1.237437	
0.687841	1.900000	1.677982	0.459619	1.724094	1.507481	1.806931	2.081015	1.264911	0.514782	1.426972	0.600521	1.532359	0.458939	0.250000	0.790569	0.651920	0.695072	1.350926	1.030776	
1.151629	1.643358	1.702939	0.134629	1.290591	1.220912	1.668270	2.135708	1.578171	0.760345	1.838648	0.500000	1.776584	0.936082	0.378319	0.665676	0.251247	0.933408	1.527457	1.011496	
2.147819	0.866747	1.650189	1.285496	0.145774	0.579871	1.219119	2.034853	2.180883	1.934231	2.621545	1.114955	2.189892	1.997029	1.380670	1.675187	0.951972	1.620378	1.865811	1.221167	
0.485412	2.231871	1.880990	0.781025	2.093144	1.853712	2.093144	2.251250	1.255488	0.443001	1.274755	0.937083	1.575793	0.246221	0.601041	0.928036	1.020417	0.838525	1.465009	1.294701	
1.582127	0.970824	0.134629	1.697425	1.656804	0.961769	0.531507	0.570636	1.030776	2.083867	1.556037	1.078483	0.832541	1.625000	1.360147	2.227667	1.400893	0.958188	0.559017	0.565685	
1.891098	0.419076	1.054751	1.358538	0.725000	0.025000	0.626997	1.430472	1.722099	1.954002	2.209779	0.912414	1.666208	1.803122	1.256234	1.858259	0.976281	1.269350	1.342805	0.760345	
0.824621	2.329834	2.118077	0.660019	2.048322	1.925000	2.256241	2.510976	1.582127	0.103078	1.613420	1.039832	1.890106	0.585235	0.691466	0.625000	0.995301	1.101136	1.750893	1.480920	
1.888452	0.910014	0.254951	1.966119	1.731509	1.035917	0.436606	0.425735	1.291559	2.382357	1.810559	1.350926	1.039832	1.934231	1.650947	2.500125	1.646398	1.267379	0.818917	0.845946	
1.811250	1.533786	0.525000	2.239699	2.302173	1.603122	1.059481	0.270416	1.030776	2.512469	1.475212	1.634205	0.682367	1.934716	1.850676	2.750000	1.990603	1.326885	0.680074	1.142366	
1.868321	1.487027	0.505594	2.261084	2.275137	1.575198	1.013040	0.195256	1.098294	2.551715	1.550000	1.650947	0.753741	1.985101	1.879162	2.776013	2.001562	1.366794	0.728869	1.151629	
1.480920	1.733854	1.969296	0.335410	1.181630	1.308148	1.846957	2.406372	1.926460	0.908983	2.186893	0.798827	2.113203	1.252248	0.728869	0.575543	0.437321	1.278916	1.851013	1.286954	
0.206155	2.016340	1.461592	1.044330	2.104311	1.699448	1.781327	1.792345	0.735272	0.950329	0.826514	0.849264	1.060660	0.282843	0.660019	1.368622	1.110462	0.452769	0.983933	0.995301	
1.277204	1.117195	0.403113	1.445035	1.638025	0.983933	0.752080	0.813173	0.805062	1.789029	1.325000	0.832166	0.704450	1.315770	1.079641	1.966119	1.185591	0.649038	0.381608	0.340037	
2.081015	0.820061	1.575000	1.245492	0.223607	0.509902	1.154340	1.962938	2.102974	1.892749	2.545830	1.046721	2.110835	1.934716	1.320984	1.653028	0.901388	1.546165	1.786757	1.142366	
1.035917	1.360147	0.612883	1.375227	1.792345	1.180042	1.012423	0.964689	0.565685	1.632483	1.075291	0.800391	0.555090	1.100284	0.970824	1.872165	1.176860	0.450694	0.254951	0.427200	
1.525819	2.344408	2.458785	0.636396	1.775176	1.917355	2.419969	2.888014	2.182029	0.649038	2.308679	1.255239	2.439390	1.275980	1.020417	0.127475	0.977880	1.587648	2.229630	1.768120	
1.861619	1.408013	0.436606	2.215006	2.200000	1.500000	0.934077	0.134629	1.110180	2.522400	1.576785	1.601757	0.775000	1.969296	1.839837	2.733587	1.947434	1.340009	0.715891	1.097725	
0.600521	2.486966	1.681703	1.728077	2.733587	2.241093	2.154066	1.875667	0.651920	1.513275	0.247487	1.491015	0.980115	0.850368	1.346291	2.000000	1.788854	0.972433	1.118034	1.470544	
1.068000	2.453824	2.322848	0.701783	2.079964	2.037462	2.419969	2.725459	1.826540	0.145774	1.855398	1.193995	2.130288	0.831039	0.860959	0.465027	1.075291	1.325943	1.980215	1.666208	
0.347311	2.326478	1.889610	0.965013	2.247221	1.964688	2.152324	2.236767	1.167262	0.602080	1.123054	1.051487	1.505199	0.182003	0.738241	1.110180	1.180042	0.848896	1.432655	1.350926	
0.430116	2.125000	1.377044	1.432873	2.366036	1.870328	1.810559	1.627882	0.425000	1.337208	0.436606	1.131923	0.782624	0.650000	1.025000	1.771475	1.448491	0.602080	0.826514	1.102554	
2.126764	0.100000	1.007782	1.679658	0.901388	0.335410	0.452769	1.311726	1.843909	2.263846	2.355048	1.200260	1.725724	2.064128	1.550000	2.182888	1.298075	1.480920	1.415980	0.939415	
0.850368	2.621545	1.747319	1.971357	2.930017	2.405203	2.258871	1.885636	0.715891	1.761391	0.190394	1.702388	0.986471	1.100284	1.581139	2.250000	2.015564	1.165386	1.188486	1.627882	
1.638788	0.602080	0.880696	1.221167	0.921954	0.282843	0.602080	1.291559	1.460308	1.775528	1.944544	0.700446	1.421487	1.564649	1.051190	1.744276	0.850000	1.007782	1.096586	0.494975	
0.585769	1.697425	1.342805	0.701783	1.700368	1.343968	1.535008	1.735115	0.941409	0.855132	1.188486	0.450694	1.185591	0.467039	0.276134	1.129712	0.704450	0.340037	0.995615	0.735697	
1.500208	1.457738	0.410030	1.938105	2.128967	1.443087	1.000000	0.477624	0.751665	2.193171	1.237437	1.342805	0.436606	1.616516	1.540292	2.441311	1.708801	1.007782	0.360555	0.873212	
1.470544	1.762278	0.715017	2.084616	2.407930	1.731509	1.305038	0.680074	0.648556	2.256795	1.052675	1.521923	0.291548	1.627882	1.666021	2.561860	1.898190	1.097725	0.467039	1.100284	
0.381608	1.952242	1.546165	0.776209	1.925162	1.597263	1.779396	1.916540	0.972754	0.715017	1.101136	0.693271	1.270089	0.213600	0.425735	1.098294	0.886707	0.503115	1.136332	0.977880	
0.817389	2.821790	2.007019	1.963734	3.043846	2.570019	2.488473	2.177298	0.970824	1.653028	0.475657	1.792519	1.275980	1.051487	1.612452	2.170829	2.067003	1.293493	1.443087	1.802776	
1.518634	0.867828	1.154340	0.910014	0.811249	0.450694	0.938416	1.583114	1.520896	1.501874	1.955920	0.492443	1.559247	1.398660	0.818917	1.421487	0.529741	0.957209	1.241219	0.583631	
8	14	20	
8	14	20	
8	14	20	
8	14	20	
8	14	20	
8	14	20	
8	14	20	
8	14	20	
8	14	20	
8	14	20	
8	14	20	
8	14	20	
8	14	20	
8	14	20	
8	14	20	
8	14	20	
8	14	20	
8	14	20	
8	14	20	
8	14	20	
8	14	20	
8	14	20	
8	14	20	
8	14	20	
8	14	20	
8	14	20	
8	14	20	
8	14	20	
8	14	20	
8	14	20	
8	14	20	
8	14	20	
8	14	20	
8	14	20	
8	14	20	
8	14	20	
8	14	20	
8	14	20	
8	14	20	
8	14	20	
1.000000	1.000000	1.000000	
1.000000	1.000000	1.000000	
1.000000	1.000000	1.000000	
1.000000	1.000000	1.000000	
1.000000	1.000000	1.000000	
1.000000	1.000000	1.000000	
1.000000	1.000000	1.000000	
1.000000	1.000000	1.000000	
1.000000	1.000000	1.000000	
1.000000	1.000000	1.000000	
1.000000	1.000000	1.000000	
1.000000	1.000000	1.000000	
1.000000	1.000000	1.000000	
1.000000	1.000000	1.000000	
1.000000	1.000000	1.000000	
1.000000	1.000000	1.000000	
1.000000	1.000000	1.000000	
1.000000	1.000000	1.000000	
1.000000	1.000000	1.000000	
1.000000	1.000000	1.000000	
0.200000
160