100
20
3
0.750000	0.483333	0.850000	1.600000	1.433333	0.783333	0.283333	0.550000	0.983333	0.983333	0.516667	0.950000	1.433333	0.483333	0.366667	1.500000	0.566667	1.266667	0.683333	0.283333	1.116667	1.650000	0.916667	0.233333	1.000000	1.550000	0.316667	0.216667	0.883333	1.200000	0.533333	0.566667	0.816667	0.316667	0.500000	1.233333	0.383333	0.583333	1.316667	1.516667	1.383333	0.550000	1.333333	0.266667	0.166667	1.583333	0.766667	0.716667	1.633333	0.883333	0.550000	1.516667	0.683333	0.983333	1.350000	1.000000	0.333333	0.950000	0.783333	0.433333	0.466667	0.566667	0.416667	0.766667	1.466667	0.900000	0.950000	0.833333	1.366667	1.066667	0.500000	1.250000	1.233333	0.366667	0.600000	1.416667	1.466667	0.383333	0.283333	1.533333	1.416667	0.566667	0.400000	1.450000	1.083333	1.266667	0.200000	1.150000	0.783333	0.716667	1.200000	1.066667	0.966667	0.350000	1.216667	0.416667	1.416667	0.266667	0.883333	0.483333	
1.059481	0.887764	1.328768	1.727896	0.845946	1.923051	0.525595	1.178187	1.273038	0.596343	1.057414	0.206155	1.932938	0.900347	0.850000	2.184176	1.667708	1.992643	1.465009	2.033009	
0.626997	1.868154	0.176777	1.372953	0.637377	1.020417	1.129436	1.408013	0.664267	1.454734	1.100000	1.555032	1.291559	2.169101	0.648556	0.863134	1.810559	2.035927	0.445112	0.602080	
1.179248	1.425219	0.610328	0.605186	0.657647	0.522015	1.383158	0.759111	0.158114	1.101136	1.622113	1.421487	0.608790	1.838818	1.021335	0.951972	1.064483	1.267379	1.195042	1.077613	
1.000000	1.333464	0.498121	0.761988	0.456207	0.711073	1.181630	0.750417	0.055902	0.973717	1.431127	1.252996	0.807001	1.719193	0.827647	1.046721	1.138530	1.376817	1.063602	1.085415	
1.204159	0.550568	1.207528	1.278916	0.719809	1.576587	0.866747	0.691466	0.976281	0.134629	1.375909	0.400000	1.521923	0.818917	0.951315	1.962301	1.175266	1.500208	1.535008	1.916540	
0.050000	1.751606	0.612883	1.722099	0.604669	1.525819	0.637377	1.532359	0.985203	1.328768	0.527376	1.250000	1.733854	1.936653	0.250000	1.438967	2.017734	2.295784	0.395285	1.119431	
0.493077	2.207091	1.054751	2.228508	1.123610	1.967867	0.908639	2.049695	1.486607	1.795132	0.437321	1.625769	2.212041	2.326209	0.738664	1.739612	2.537839	2.815360	0.534439	1.325236	
1.595306	0.828025	1.241219	0.581485	0.964689	1.090011	1.505407	0.075000	0.775000	0.700446	1.927596	1.159741	0.895126	1.297353	1.360147	1.671264	0.459619	0.770146	1.770946	1.814008	
1.165386	2.396351	0.715017	1.578765	1.215010	1.017964	1.719920	1.824829	1.049405	2.001562	1.600781	2.147819	1.369535	2.735416	1.241219	0.471699	2.127352	2.285279	0.809707	0.000000	
1.700184	0.158114	1.713549	1.523155	1.233390	1.956080	1.274019	0.873212	1.425219	0.413824	1.806931	0.570636	1.823630	0.360555	1.451938	2.420744	1.200260	1.503330	2.047102	2.415057	
2.176149	1.358308	1.690044	0.509902	1.556037	1.125278	2.165208	0.743303	1.200521	1.353237	2.554408	1.819512	0.781425	1.824829	1.962938	1.800000	0.309233	0.200000	2.268397	2.088660	
1.450000	1.190851	0.962094	0.340037	0.845946	0.691466	1.518634	0.445112	0.469707	0.956883	1.851520	1.364734	0.553399	1.643358	1.250000	1.273038	0.686477	0.905884	1.535008	1.450216	
1.275000	0.491172	1.320984	1.386092	0.827647	1.700000	0.883530	0.778621	1.101136	0.158114	1.407569	0.309233	1.638025	0.704450	1.026219	2.085965	1.241219	1.565647	1.623461	2.032548	
1.619027	1.998281	0.958188	0.752080	1.234150	0.125000	1.952562	1.261200	0.752080	1.712637	2.093591	2.048475	0.450000	2.436314	1.530114	0.583631	1.360147	1.428504	1.476482	0.964689	
0.859142	0.900000	0.895126	1.274755	0.395285	1.425219	0.625000	0.820061	0.775403	0.475657	1.081665	0.550568	1.450216	1.142366	0.604669	1.710263	1.335337	1.650757	1.184536	1.610124	
1.369535	1.698529	0.728869	0.608276	0.925338	0.226385	1.650189	0.986154	0.431567	1.395081	1.834394	1.723550	0.442295	2.126029	1.250250	0.728011	1.179248	1.315295	1.296389	0.970824	
2.378287	1.220912	1.969296	0.876427	1.747319	1.510174	2.267157	0.832541	1.478386	1.342805	2.709359	1.800347	1.176860	1.651704	2.145052	2.180166	0.335410	0.230489	2.528339	2.437853	
1.281601	0.795692	1.538059	1.827738	1.046721	2.080415	0.728869	1.234150	1.442437	0.612883	1.250250	0.150000	2.059430	0.711073	1.073546	2.380257	1.693000	2.016340	1.688564	2.246803	
0.866386	1.253994	0.475657	0.901388	0.285044	0.883883	1.007782	0.764853	0.226385	0.866747	1.277693	1.102554	0.976281	1.610124	0.673146	1.167262	1.207528	1.470544	0.989002	1.142366	
0.637377	2.256241	1.252248	2.397525	1.258223	2.170397	0.905539	2.170973	1.660008	1.858259	0.375000	1.634396	2.401041	2.329834	0.855132	1.962938	2.670674	2.958568	0.756637	1.550202	
1.353237	0.450694	1.257229	1.122776	0.803508	1.491015	1.070047	0.500625	0.945053	0.125000	1.566246	0.588430	1.392839	0.831039	1.098294	1.940522	0.965660	1.290591	1.650000	1.946953	
0.596343	1.265899	0.496236	1.209339	0.035355	1.175266	0.700446	0.961769	0.530330	0.843356	0.970824	0.938416	1.291559	1.543535	0.371652	1.346291	1.450216	1.735655	0.826514	1.210372	
2.485080	1.372953	2.048475	0.905539	1.855061	1.525205	2.397525	0.955249	1.556037	1.487027	2.829311	1.946953	1.179248	1.802776	2.256795	2.200000	0.442295	0.200000	2.616415	2.482438	
0.215058	1.925000	0.604669	1.785532	0.735272	1.520896	0.820061	1.657747	1.043132	1.500208	0.612883	1.439184	1.761391	2.123235	0.431567	1.350231	2.127205	2.392305	0.212132	0.989002	
1.735655	2.107279	1.073837	0.817389	1.361295	0.235850	2.078762	1.362213	0.879275	1.831154	2.211476	2.173131	0.491172	2.550123	1.653028	0.594243	1.425219	1.467353	1.576785	1.015197	
0.506211	2.016340	1.164313	2.246803	1.081954	2.079213	0.657647	1.971833	1.522539	1.625000	0.125000	1.386092	2.280899	2.080415	0.675463	1.950160	2.478911	2.775450	0.764853	1.574206	
1.942453	0.905539	1.570430	0.651920	1.311964	1.267379	1.827738	0.390512	1.089151	0.933408	2.267157	1.399330	0.991527	1.372953	1.706055	1.903943	0.152069	0.474342	2.112611	2.100595	
1.673507	0.302076	1.520691	1.107362	1.101136	1.591383	1.386768	0.465027	1.142366	0.390512	1.889775	0.818917	1.421487	0.775403	1.418846	2.118077	0.776611	1.089151	1.954002	2.182029	
1.415097	0.832541	1.079641	0.632949	0.784618	1.043132	1.338376	0.152069	0.632949	0.612883	1.750179	1.050000	0.906228	1.282819	1.180042	1.576587	0.637377	0.941077	1.597263	1.681703	
0.425735	2.080415	0.585769	1.800174	0.853302	1.463087	1.030776	1.748035	1.068000	1.654728	0.798827	1.629801	1.735655	2.304479	0.617454	1.206493	2.193171	2.440415	0.000000	0.809707	
0.225000	1.978952	0.738241	1.909516	0.827647	1.655295	0.794119	1.755349	1.167262	1.557241	0.506211	1.456237	1.892914	2.149709	0.477624	1.475212	2.233971	2.505244	0.292617	1.098294	
1.681703	0.460977	1.810041	1.786757	1.311964	2.170541	1.176063	1.140175	1.592561	0.575543	1.706605	0.450694	2.071382	0.250000	1.449353	2.581182	1.500208	1.806239	2.064128	2.523886	
0.336341	1.530114	0.412311	1.425219	0.316228	1.274755	0.673146	1.241471	0.694622	1.104536	0.775403	1.119431	1.454519	1.770946	0.201556	1.296630	1.719920	1.995307	0.550568	1.065950	
1.142639	1.844587	0.480885	0.934077	0.840387	0.465027	1.525000	1.202082	0.465027	1.488707	1.619413	1.740869	0.770146	2.234390	1.076162	0.531507	1.475847	1.637834	0.999062	0.651920	
0.485412	1.408013	0.965013	1.792345	0.637377	1.776584	0.125000	1.415980	1.138530	1.017964	0.492443	0.800391	1.898190	1.500833	0.357946	1.850000	1.930835	2.241093	0.910014	1.595306	
0.445112	1.549597	1.011187	1.912132	0.743303	1.860779	0.201556	1.556037	1.236932	1.162970	0.348210	0.926350	2.002030	1.625192	0.400780	1.885802	2.070175	2.378287	0.866386	1.598828	
0.832166	1.197132	1.241219	1.868321	0.818917	1.962938	0.237171	1.386768	1.305996	0.866386	0.750417	0.522015	2.028854	1.206493	0.672681	2.125000	1.895059	2.217121	1.255488	1.910007	
2.039914	0.577170	1.800174	1.081954	1.437228	1.668270	1.790251	0.583631	1.361295	0.797261	2.285416	1.215010	1.421267	1.000312	1.787806	2.270600	0.559017	0.809707	2.285279	2.408449	
1.488498	0.750000	1.177391	0.680074	0.860959	1.131923	1.375000	0.070711	0.735697	0.575543	1.806239	1.029866	0.973717	1.209339	1.248249	1.677051	0.585769	0.901388	1.686157	1.784657	
1.467353	1.910497	0.807001	0.751665	1.089151	0.145774	1.804335	1.192686	0.617454	1.605070	1.941649	1.923051	0.498121	2.337734	1.378632	0.552268	1.348379	1.450862	1.333464	0.873212	
1.775704	0.176777	1.792345	1.576785	1.312440	2.022993	1.340009	0.928036	1.500000	0.492443	1.873833	0.626997	1.882319	0.302076	1.528275	2.495245	1.229075	1.525205	2.125000	2.493241	
0.976281	0.806226	0.928036	1.159741	0.443001	1.360606	0.765261	0.680074	0.728869	0.382426	1.220656	0.581485	1.355775	1.097725	0.721543	1.698529	1.195042	1.511622	1.275980	1.637834	
0.951972	1.566246	0.336341	0.880696	0.546008	0.632949	1.253994	0.980115	0.201556	1.195042	1.415318	1.435705	0.832166	1.940522	0.834416	0.831039	1.334166	1.546165	0.921954	0.848896	
1.770770	0.276134	1.619413	1.158123	1.201041	1.665083	1.470757	0.530330	1.234909	0.471699	1.978952	0.875000	1.480076	0.745822	1.515957	2.204824	0.776611	1.077613	2.053807	2.277334	
0.447214	1.388569	0.893378	1.723550	0.564026	1.701654	0.190394	1.361295	1.064483	0.989002	0.527376	0.806226	1.825171	1.505199	0.291548	1.779220	1.875167	2.183031	0.866747	1.532359	
1.231107	0.680074	1.418185	1.653028	0.919918	1.917355	0.731864	1.060660	1.286954	0.443001	1.265899	0.025000	1.887624	0.701783	1.004054	2.241093	1.525819	1.850000	1.621149	2.131901	
1.697425	1.241219	1.197132	0.167705	1.090011	0.752080	1.746425	0.482830	0.707549	1.085415	2.095382	1.525205	0.494975	1.711176	1.495410	1.397542	0.502494	0.673146	1.775528	1.631908	
1.028652	2.340940	0.637377	1.614001	1.131923	1.089151	1.595501	1.806239	1.027740	1.936814	1.456022	2.055024	1.431127	2.661766	1.120547	0.604152	2.139655	2.316247	0.661910	0.150000	
0.152069	1.746783	0.806226	1.865811	0.707107	1.710263	0.503115	1.615936	1.141271	1.334166	0.333542	1.184536	1.901480	1.883149	0.301040	1.640503	2.116158	2.406502	0.550568	1.313868	
1.243232	0.585235	1.123054	1.054751	0.675463	1.380670	1.007782	0.474342	0.816241	0.215058	1.484082	0.625000	1.305038	0.955249	0.989002	1.811767	0.973717	1.297112	1.525819	1.812457	
1.120547	1.290349	0.617454	0.640312	0.553399	0.664267	1.270089	0.657647	0.127475	0.957209	1.544345	1.276959	0.711073	1.697056	0.939747	1.081665	1.020110	1.252996	1.187697	1.167262	
1.610124	0.939747	1.212693	0.469707	0.980115	0.991527	1.560849	0.182003	0.731864	0.800391	1.962938	1.253994	0.785016	1.409122	1.382932	1.589222	0.437321	0.725000	1.759616	1.754459	
2.118077	0.952956	1.752320	0.784618	1.488498	1.415318	1.981161	0.561805	1.270089	1.051487	2.432720	1.510381	1.118034	1.402007	1.879162	2.064128	0.180278	0.400780	2.294014	2.275000	
0.770146	1.392839	0.325960	0.992472	0.285044	0.875357	1.000312	0.912414	0.257391	0.995615	1.208305	1.190851	1.021335	1.733494	0.608790	1.070047	1.342805	1.595306	0.850368	1.006231	
0.777817	1.273038	0.436606	0.991527	0.201556	0.952956	0.928036	0.831039	0.301040	0.872138	1.187697	1.070047	1.061249	1.608765	0.583095	1.190851	1.286954	1.555032	0.917197	1.129436	
0.412311	1.350231	0.614919	1.454519	0.279508	1.402007	0.480885	1.165386	0.770146	0.926350	0.730154	0.894427	1.535008	1.559046	0.158114	1.500208	1.667708	1.962301	0.745822	1.293493	
1.277204	2.157110	0.656220	1.179248	1.102554	0.594243	1.739253	1.510174	0.776611	1.796003	1.750179	2.026388	0.948683	2.541776	1.267379	0.235850	1.752855	1.885636	1.030776	0.425000	
1.546165	1.325236	1.012423	0.215058	0.961769	0.583095	1.652460	0.566789	0.531507	1.106797	1.963734	1.516781	0.403887	1.783606	1.359458	1.206752	0.700446	0.869626	1.595501	1.430472	
0.475657	1.873666	1.134956	2.165208	0.991527	2.037308	0.509902	1.858259	1.454519	1.487658	0.025000	1.237437	2.219234	1.930835	0.592663	1.957837	2.369072	2.670791	0.807775	1.607210	
1.950160	1.569235	1.380670	0.206155	1.375227	0.679154	2.063522	0.824621	0.925338	1.435705	2.375395	1.875667	0.325000	2.042670	1.770770	1.353699	0.660019	0.657647	1.966119	1.676305	
0.742462	1.386768	1.241219	1.985101	0.875000	2.025617	0.158114	1.539683	1.375909	1.046721	0.577170	0.711512	2.121320	1.389469	0.637377	2.127352	2.052438	2.371840	1.167262	1.873666	
1.476906	0.340037	1.532359	1.497707	1.040733	1.865643	1.044031	0.859142	1.290591	0.270416	1.576587	0.355317	1.773415	0.493077	1.231361	2.282132	1.265899	1.583706	1.833712	2.242348	
1.727896	0.035355	1.691892	1.419947	1.225765	1.876832	1.337208	0.772172	1.372953	0.403113	1.865811	0.660019	1.727896	0.459619	1.475847	2.365639	1.076162	1.377044	2.057456	2.383537	
1.465009	0.945053	1.073837	0.505594	0.835539	0.938416	1.432655	0.201556	0.600521	0.740355	1.822944	1.175266	0.782624	1.402007	1.239456	1.500208	0.583095	0.866386	1.615549	1.637261	
1.815558	1.051487	1.384061	0.410030	1.187697	1.021335	1.775528	0.357946	0.893378	0.980115	2.176149	1.442654	0.750000	1.525819	1.592561	1.662265	0.254951	0.512957	1.945508	1.875667	
1.952562	1.152443	1.500208	0.419076	1.326885	1.055047	1.921263	0.498121	1.007782	1.113833	2.319078	1.578765	0.749166	1.625000	1.732772	1.714825	0.190394	0.375000	2.069118	1.957837	
1.380670	1.467353	0.797261	0.425000	0.848896	0.410030	1.570032	0.742041	0.357946	1.187697	1.822944	1.549597	0.412311	1.905420	1.221167	0.972433	0.950000	1.116076	1.382932	1.179248	
0.672681	1.442437	1.195042	1.984471	0.853302	2.000156	0.127475	1.560649	1.355775	1.090011	0.500625	0.776209	2.108613	1.460522	0.585235	2.079213	2.075151	2.392305	1.096016	1.814008	
1.717738	0.522015	1.475212	0.901388	1.109617	1.425219	1.505199	0.291548	1.049405	0.548862	1.983053	1.007782	1.226020	0.996243	1.467353	1.990603	0.555090	0.873212	1.956559	2.098809	
1.711176	1.755349	1.081665	0.413824	1.216553	0.254951	1.941166	0.995615	0.715891	1.523155	2.168237	1.910007	0.103078	2.212747	1.573412	0.928036	1.021335	1.077613	1.651704	1.267379	
2.093442	1.234150	1.632674	0.500625	1.468205	1.134956	2.059430	0.626997	1.140449	1.231107	2.460310	1.697793	0.807001	1.701654	1.874166	1.804335	0.190394	0.235850	2.204824	2.068363	
0.424264	1.511001	0.965984	1.856239	0.687841	1.808487	0.190394	1.502706	1.182423	1.119431	0.391312	0.900000	1.947113	1.600195	0.353553	1.844078	2.016494	2.323924	0.849264	1.566246	
1.152443	0.637377	1.077033	1.125278	0.608276	1.408900	0.901734	0.571183	0.813941	0.223607	1.380670	0.555090	1.358538	0.965013	0.897566	1.804508	1.076162	1.398660	1.450216	1.777990	
0.995615	2.348004	0.640800	1.652460	1.129436	1.137157	1.570032	1.827738	1.050298	1.940522	1.415318	2.046033	1.476482	2.660944	1.098294	0.660019	2.170829	2.352791	0.618466	0.201556	
1.765290	2.660005	1.185591	1.515957	1.643358	0.879275	2.265502	1.969296	1.291559	2.317461	2.223876	2.565395	1.209339	3.062372	1.787806	0.305164	2.122499	2.189321	1.450862	0.654313	
0.625500	1.134956	0.840015	1.478386	0.388104	1.532359	0.380789	1.079641	0.876427	0.721543	0.811249	0.637377	1.612452	1.309819	0.382426	1.711907	1.594522	1.905420	0.996243	1.538059	
1.736555	0.079057	1.662077	1.330883	1.209339	1.803469	1.375909	0.686477	1.320984	0.403113	1.899013	0.725000	1.643358	0.553399	1.482608	2.308950	0.976281	1.277204	2.051371	2.344408	
0.664267	1.604875	0.103078	1.152443	0.406971	0.910014	1.030776	1.134956	0.416083	1.198176	1.133854	1.343968	1.123610	1.925649	0.575543	0.950329	1.550806	1.789728	0.651920	0.811249	
1.231361	2.173850	0.626997	1.234150	1.090011	0.660019	1.708801	1.542117	0.794119	1.805028	1.701654	2.020210	1.012423	2.550123	1.233390	0.261008	1.800694	1.941166	0.970824	0.357946	
1.987775	1.478386	1.445035	0.230489	1.393960	0.800391	2.061553	0.753741	0.972433	1.375909	2.399088	1.826540	0.452769	1.952722	1.796176	1.475847	0.531507	0.527376	2.030394	1.782730	
0.320156	1.555032	0.406971	1.440703	0.340037	1.279893	0.682825	1.264170	0.707549	1.129436	0.766893	1.141271	1.465009	1.794610	0.206155	1.288652	1.741049	2.015099	0.525595	1.050298	
0.427200	2.167516	0.956883	2.139071	1.051487	1.867652	0.903466	1.979425	1.396648	1.750893	0.477624	1.607016	2.115715	2.306648	0.680074	1.637261	2.461961	2.735073	0.431567	1.226020	
1.784657	0.475000	1.908042	1.843400	1.410895	2.246803	1.275245	1.193995	1.679472	0.656220	1.804335	0.552268	2.135708	0.152069	1.552417	2.670791	1.526843	1.825685	2.167083	2.621188	
0.637377	2.245134	0.640800	1.839327	1.002809	1.434617	1.241974	1.858259	1.132751	1.820886	0.995301	1.825171	1.735655	2.490607	0.816241	1.085415	2.277060	2.505619	0.212132	0.650481	
1.073837	2.180883	0.531507	1.364276	1.025914	0.832166	1.587648	1.598828	0.824621	1.792345	1.535008	1.962938	1.173936	2.531057	1.107079	0.425735	1.904107	2.069118	0.781425	0.226385	
1.243232	0.585235	1.123054	1.054751	0.675463	1.380670	1.007782	0.474342	0.816241	0.215058	1.484082	0.625000	1.305038	0.955249	0.989002	1.811767	0.973717	1.297112	1.525819	1.812457	
2.322848	1.187960	1.913766	0.828402	1.691892	1.463728	2.215429	0.778621	1.423025	1.297112	2.655419	1.756595	1.133854	1.625192	2.090006	2.132194	0.279508	0.215058	2.472473	2.385634	
0.226385	1.532359	0.682367	1.650947	0.480234	1.545356	0.430116	1.380444	0.942404	1.113833	0.527376	1.013040	1.708801	1.701654	0.079057	1.559046	1.882153	2.175000	0.626498	1.290591	
0.637377	1.454519	1.164313	1.969296	0.831039	1.975633	0.111803	1.555032	1.333464	1.095730	0.475000	0.794512	2.088660	1.482608	0.553399	2.047712	2.070024	2.386027	1.060660	1.779923	
1.191900	2.214723	0.617454	1.315295	1.098294	0.749166	1.690599	1.600781	0.840387	1.837457	1.656804	2.033624	1.100284	2.580698	1.211662	0.300000	1.875000	2.022375	0.908639	0.269258	
1.488498	0.285044	1.423025	1.233390	0.961769	1.640122	1.153527	0.588430	1.110180	0.158114	1.667708	0.570636	1.520896	0.675463	1.234150	2.105053	0.995301	1.315770	1.801562	2.114533	
0.090139	1.700735	0.579871	1.671077	0.548862	1.487027	0.618971	1.476482	0.936082	1.277204	0.559017	1.209597	1.688379	1.892749	0.201556	1.422146	1.962301	2.241093	0.425000	1.118034	
0.276134	1.770770	0.930390	1.969296	0.800391	1.831154	0.460977	1.690599	1.252248	1.367708	0.213600	1.175266	2.015564	1.875667	0.395285	1.764405	2.196588	2.492614	0.651920	1.431127	
2.209779	1.435705	1.706605	0.506211	1.594522	1.101136	2.217121	0.807001	1.220656	1.422146	2.596392	1.887624	0.750417	1.902958	2.001406	1.776584	0.388104	0.237171	2.288149	2.079964	
2.288695	1.648105	1.741407	0.530330	1.691892	1.030776	2.348537	0.982980	1.272792	1.607016	2.697453	2.068363	0.673146	2.118077	2.095382	1.697425	0.608790	0.425735	2.327150	2.039914	
2.350798	1.171804	1.952722	0.880696	1.719920	1.516781	2.229910	0.800391	1.463087	1.299279	2.676402	1.755349	1.188486	1.601757	2.115715	2.184176	0.316228	0.265754	2.507987	2.433233	
1.345595	0.919239	0.982980	0.600000	0.715017	0.957209	1.308864	0.250000	0.530330	0.664267	1.698529	1.079641	0.845946	1.360147	1.117195	1.476482	0.700446	0.989949	1.510174	1.578765	
1.592365	0.548862	1.350926	0.860959	0.982344	1.345362	1.396648	0.215058	0.934077	0.474342	1.865811	0.941077	1.171804	1.017964	1.342805	1.889775	0.608790	0.933408	1.829105	1.982738	
2.337734	1.425000	1.857586	0.673146	1.714825	1.275980	2.308950	0.872138	1.367708	1.463087	2.709359	1.930026	0.925338	1.880990	2.121320	1.951442	0.382426	0.090139	2.435416	2.250694	
1.981161	0.515388	2.081015	1.923051	1.587648	2.366036	1.475212	1.275000	1.825000	0.800391	2.003902	0.751665	2.229630	0.055902	1.746425	2.820129	1.549597	1.831154	2.359290	2.791169	
9	15	21	
9	15	21	
9	15	21	
9	15	21	
9	15	21	
9	15	21	
9	15	21	
9	15	21	
9	15	21	
9	15	21	
9	15	21	
9	15	21	
9	15	21	
9	15	21	
9	15	21	
9	15	21	
9	15	21	
9	15	21	
9	15	21	
9	15	21	
10	16	22	
10	16	22	
10	16	22	
10	16	22	
10	16	22	
10	16	22	
10	16	22	
10	16	22	
10	16	22	
10	16	22	
10	16	22	
10	16	22	
10	16	22	
10	16	22	
10	16	22	
10	16	22	
10	16	22	
10	16	22	
10	16	22	
10	16	22	
0.500000	0.500000	0.500000	
0.500000	0.500000	0.500000	
0.500000	0.500000	0.500000	
0.500000	0.500000	0.500000	
0.500000	0.500000	0.500000	
0.500000	0.500000	0.500000	
0.500000	0.500000	0.500000	
0.500000	0.500000	0.500000	
0.500000	0.500000	0.500000	
0.500000	0.500000	0.500000	
0.500000	0.500000	0.500000	
0.500000	0.500000	0.500000	
0.500000	0.500000	0.500000	
0.500000	0.500000	0.500000	
0.500000	0.500000	0.500000	
0.500000	0.500000	0.500000	
0.500000	0.500000	0.500000	
0.500000	0.500000	0.500000	
0.500000	0.500000	0.500000	
0.500000	0.500000	0.500000	
0.500000
160