100
20
3
0.400000	0.200000	0.433333	0.216667	0.416667	0.783333	0.933333	1.450000	0.733333	0.216667	0.983333	0.983333	0.516667	0.650000	0.266667	1.650000	0.983333	0.316667	0.183333	1.166667	1.166667	1.150000	0.333333	0.883333	0.300000	0.733333	1.450000	1.516667	0.533333	1.616667	0.883333	0.366667	0.650000	1.600000	0.300000	0.966667	0.550000	1.500000	1.116667	0.383333	0.650000	1.516667	0.700000	0.650000	1.566667	1.366667	0.233333	0.183333	0.283333	0.666667	1.583333	0.716667	0.650000	0.233333	0.500000	1.316667	0.683333	1.450000	0.816667	0.816667	0.616667	1.350000	0.883333	0.916667	0.800000	0.950000	1.133333	0.400000	0.833333	1.116667	0.800000	0.900000	0.700000	0.900000	0.433333	0.433333	0.416667	0.166667	1.583333	1.366667	0.416667	1.166667	1.500000	0.433333	0.516667	1.000000	0.633333	0.166667	1.200000	0.416667	0.350000	1.450000	1.083333	1.150000	1.050000	0.300000	0.166667	0.550000	1.516667	1.016667	
1.116356	1.496036	0.995615	0.989949	0.145774	1.365650	0.325960	0.412311	0.761577	0.564026	0.863496	1.485345	1.963734	1.719193	1.319327	0.500000	0.664267	1.431782	0.886707	1.275000	
1.225255	2.372367	0.127475	1.603122	1.215010	0.353553	0.813173	1.019804	0.921954	1.621149	1.513481	1.679658	1.800347	1.913276	0.916856	1.562050	0.465027	2.088061	1.965006	1.750893	
1.102554	1.865811	0.555090	1.100284	0.583631	0.958188	0.275000	0.436606	0.707549	0.972754	1.100000	1.542927	1.891593	1.788854	1.107362	0.938416	0.309233	1.700184	1.328768	1.451293	
1.962301	2.001250	1.482608	0.225000	0.866386	1.951442	1.119431	0.604669	1.600195	0.618466	1.635925	2.319078	2.809026	2.545830	2.118962	0.962094	1.348379	2.125000	1.050298	2.061553	
1.591383	0.251247	2.553919	2.471083	1.607016	2.711319	1.834394	2.128673	1.698897	1.632674	1.076162	1.408900	2.024846	1.415318	2.139071	1.327121	2.127205	0.617454	1.234909	1.020110	
1.129436	0.951315	1.507689	1.323112	0.419076	1.805028	0.760345	0.930390	0.927699	0.531507	0.592663	1.342805	1.940522	1.535008	1.529706	0.160078	1.114955	1.007782	0.477624	1.000000	
0.437321	1.860276	0.951972	2.079663	1.231361	0.806226	0.869626	1.408900	0.452769	1.704589	0.991527	0.834416	0.936082	1.050298	0.152069	1.457738	0.707990	1.430035	1.853712	1.033501	
1.612452	1.132751	1.790251	1.125278	0.670820	2.157835	1.096586	1.005609	1.380670	0.325000	1.068000	1.820027	2.425387	2.001406	1.985101	0.375832	1.453444	1.378858	0.150000	1.454519	
1.453444	0.989002	1.735655	1.237437	0.602080	2.075151	1.012423	1.017964	1.245492	0.400780	0.893378	1.644688	2.256103	1.822944	1.849493	0.257391	1.372953	1.202601	0.158114	1.275000	
0.381608	1.830983	1.152443	2.251250	1.358538	0.975000	1.028652	1.582127	0.564026	1.824829	0.998123	0.687841	0.735272	0.883883	0.206155	1.550202	0.901734	1.361295	1.930835	0.955249	
1.000000	1.184536	2.254994	2.836591	1.802776	2.199148	1.755705	2.269637	1.343968	2.103717	1.020110	0.559017	0.960469	0.381608	1.449353	1.732412	1.874166	0.664267	1.913766	0.596343	
0.838525	1.963734	0.425000	1.557442	0.910014	0.590021	0.482830	0.897566	0.505594	1.364276	1.096586	1.299279	1.520074	1.540292	0.675463	1.231107	0.152069	1.669019	1.644118	1.336507	
1.365650	2.717651	0.700000	2.176293	1.721918	0.237171	1.297112	1.590990	1.206752	2.159427	1.831154	1.758551	1.662077	1.956559	0.867828	2.049695	0.939415	2.341207	2.462214	1.956559	
0.425000	1.249500	1.681703	2.388122	1.362213	1.632674	1.231107	1.775704	0.783023	1.741049	0.650000	0.103078	0.750417	0.320156	0.906228	1.386768	1.309819	0.716327	1.669019	0.333542	
1.229837	2.603483	0.715891	2.186607	1.662077	0.237171	1.234909	1.576785	1.096016	2.112019	1.717010	1.614001	1.513275	1.809178	0.721543	1.978952	0.886002	2.212747	2.392697	1.823630	
0.721110	0.814325	1.866815	2.281721	1.252996	1.917355	1.265899	1.741049	0.941409	1.538059	0.469707	0.522015	1.167262	0.604669	1.265158	1.166726	1.453444	0.285044	1.364734	0.125000	
1.425219	0.055902	2.338001	2.256103	1.380670	2.510976	1.612839	1.902630	1.500000	1.418846	0.875000	1.296630	1.934231	1.340009	1.968661	1.104536	1.912132	0.509902	1.039832	0.883530	
1.435705	1.055047	1.667708	1.167262	0.535023	2.015564	0.951972	0.939415	1.209339	0.328824	0.896172	1.648105	2.249722	1.833882	1.814008	0.206155	1.311964	1.241974	0.215058	1.290591	
1.461592	0.581485	2.026388	1.662077	0.928036	2.304886	1.277204	1.408013	1.364734	0.826514	0.838525	1.530114	2.176293	1.662265	1.940522	0.585235	1.626730	0.917878	0.413824	1.113833	
1.507689	2.009975	0.831039	0.673146	0.650481	1.300240	0.625000	0.134629	1.114955	0.820061	1.377044	1.927596	2.319078	2.170541	1.544345	0.958188	0.738664	1.956559	1.265158	1.773415	
1.418846	1.216553	1.520074	1.006541	0.403887	1.889610	0.831039	0.760345	1.150272	0.180278	0.936082	1.677982	2.253470	1.879162	1.750714	0.195256	1.185591	1.352082	0.375000	1.350926	
1.294701	1.079641	1.521923	1.154340	0.388909	1.860779	0.797653	0.838153	1.054751	0.340037	0.784618	1.531747	2.119257	1.727896	1.659254	0.050000	1.158123	1.192686	0.369121	1.195042	
0.427931	1.171537	1.231107	1.750893	0.730154	1.352082	0.625000	1.144825	0.340037	1.142366	0.285044	0.725000	1.258223	0.957209	0.873212	0.818917	0.809707	0.848896	1.175000	0.559017	
0.901388	2.351197	1.171537	2.514210	1.750000	0.797653	1.358308	1.851013	0.990581	2.225000	1.509346	1.151086	0.900000	1.297353	0.388104	1.994054	1.106797	1.875167	2.392697	1.468205	
1.215010	1.879661	0.637377	0.965660	0.548862	1.068878	0.348210	0.304138	0.820061	0.887764	1.156774	1.646587	2.016494	1.891593	1.241219	0.901388	0.443001	1.752855	1.273283	1.528275	
1.691892	1.814008	1.285496	0.437321	0.602080	1.739612	0.854400	0.382426	1.330883	0.456207	1.380444	2.051828	2.538700	2.280488	1.858259	0.745822	1.104536	1.891098	0.921954	1.805028	
0.716327	0.743303	1.669019	1.950801	0.929045	1.796698	1.000312	1.432000	0.784618	1.202082	0.176777	0.731864	1.375909	0.886707	1.250000	0.831039	1.243232	0.425000	1.053862	0.335410	
0.465027	1.017657	1.629801	2.170829	1.136332	1.662077	1.075291	1.588238	0.701783	1.485135	0.381608	0.382426	1.025305	0.561805	1.011496	1.123610	1.225255	0.531507	1.391492	0.134629	
0.515388	1.909516	0.850368	2.013237	1.200260	0.711073	0.818917	1.342805	0.450694	1.675187	1.030776	0.930390	1.033501	1.150000	0.190394	1.446764	0.625000	1.497707	1.849493	1.107362	
0.450694	1.886796	1.241219	2.362864	1.467353	1.029866	1.140449	1.693554	0.673146	1.931968	1.075291	0.682367	0.638847	0.855132	0.254951	1.651704	1.007782	1.399330	2.027468	0.992472	
1.138530	0.676849	1.726630	1.581139	0.686477	1.981161	0.977880	1.204159	1.029563	0.760345	0.525000	1.255488	1.888452	1.416201	1.606432	0.412311	1.315770	0.781025	0.525595	0.863496	
0.450694	1.735655	0.809707	1.823630	0.976281	0.805062	0.608790	1.153527	0.235850	1.450862	0.849264	0.908639	1.150272	1.147279	0.403113	1.220912	0.485412	1.364047	1.625000	0.996243	
0.230489	1.286954	1.478386	2.209779	1.195042	1.449353	1.033501	1.585284	0.577170	1.598828	0.552268	0.270416	0.818917	0.514782	0.755811	1.258223	1.103687	0.795692	1.574206	0.388909	
0.806226	1.337208	1.012423	1.308148	0.316228	1.285010	0.269258	0.704450	0.480885	0.781425	0.583631	1.167262	1.656050	1.402007	1.075000	0.553399	0.602080	1.177391	0.965660	0.975000	
1.171804	2.580940	0.845946	2.301766	1.717010	0.381608	1.291559	1.675746	1.090011	2.177441	1.698529	1.527457	1.378632	1.710263	0.637377	2.019437	0.958188	2.165208	2.432720	1.768120	
0.450000	1.241219	1.706605	2.406502	1.379311	1.657181	1.252996	1.796176	0.807001	1.754459	0.660019	0.100000	0.751665	0.301040	0.929045	1.398660	1.334166	0.704450	1.676305	0.328824	
0.167705	1.535008	1.358538	2.260669	1.285739	1.262191	1.043132	1.609542	0.548293	1.723731	0.756637	0.378319	0.682367	0.602080	0.525595	1.407347	1.028652	1.044330	1.754459	0.637377	
0.752080	2.122499	0.695072	2.000156	1.290591	0.477624	0.876427	1.340009	0.625000	1.761391	1.237437	1.163239	1.198176	1.377044	0.316228	1.573412	0.594243	1.727896	1.984471	1.341641	
1.437228	1.776584	1.004054	0.660019	0.436606	1.446764	0.570636	0.125000	1.060955	0.566789	1.208305	1.825000	2.275549	2.061553	1.565647	0.711073	0.803508	1.765113	1.007782	1.622113	
0.965013	0.485412	1.929054	2.081466	1.098294	2.067003	1.237437	1.619413	1.054751	1.282819	0.436606	0.883883	1.535008	0.980115	1.507689	0.917878	1.502082	0.250000	1.035012	0.456207	
1.327121	0.789383	1.770946	1.431782	0.660492	2.070024	1.025305	1.140175	1.170470	0.594243	0.731864	1.473516	2.100298	1.638788	1.765113	0.316228	1.380670	0.989949	0.302076	1.086566	
0.226385	1.574206	1.032594	1.941649	1.013040	1.012423	0.715017	1.280625	0.223607	1.475847	0.700446	0.686477	0.995615	0.927699	0.436606	1.200000	0.682825	1.166190	1.584692	0.784618	
1.391492	2.700116	0.579871	2.050000	1.646587	0.180278	1.227294	1.480709	1.192686	2.071382	1.816762	1.804508	1.755349	2.012616	0.926350	1.983053	0.866747	2.347871	2.392958	1.973100	
1.265158	0.237171	2.101934	2.019437	1.129436	2.295784	1.369535	1.651704	1.291559	1.185854	0.672681	1.212693	1.863632	1.300961	1.796176	0.859142	1.677982	0.498121	0.840015	0.785016	
0.995615	0.458939	1.976424	2.127205	1.147279	2.109502	1.286954	1.668832	1.097725	1.325000	0.482830	0.892328	1.541509	0.976281	1.540495	0.961769	1.549597	0.212132	1.065950	0.467039	
1.382932	0.134629	2.330772	2.298097	1.400893	2.489227	1.614001	1.925162	1.476906	1.463087	0.853302	1.234909	1.868154	1.270089	1.928892	1.138530	1.903943	0.443001	1.097725	0.828025	
0.794119	2.239699	1.219887	2.511598	1.704589	0.883530	1.328768	1.843400	0.926350	2.178589	1.411559	1.020110	0.776611	1.162970	0.325960	1.930835	1.107079	1.754459	2.322848	1.347683	
1.101136	1.875000	2.265502	3.183748	2.170829	2.059430	1.984943	2.547793	1.495410	2.559907	1.464795	0.721110	0.452769	0.529741	1.291559	2.204824	1.972308	1.327121	2.469818	1.083109	
0.285044	1.725724	1.075291	2.109502	1.206752	0.961769	0.883883	1.442221	0.412311	1.672760	0.872138	0.679154	0.849264	0.900347	0.265754	1.400000	0.785016	1.280625	1.783606	0.880696	
0.784618	2.232711	1.184536	2.479037	1.677982	0.850368	1.299279	1.811250	0.903120	2.152324	1.398660	1.026219	0.803508	1.175266	0.300000	1.908042	1.073837	1.752320	2.301766	1.345362	
0.805062	1.662077	2.000156	2.882815	1.870328	1.831154	1.686898	2.248472	1.200260	2.263846	1.175266	0.425000	0.371652	0.276134	1.054751	1.911969	1.688379	1.107079	2.189892	0.813941	
0.710634	0.742041	1.746425	2.075151	1.051190	1.845603	1.101136	1.549597	0.840387	1.325943	0.279508	0.650000	1.300961	0.783023	1.256234	0.954594	1.323820	0.333542	1.162970	0.230489	
0.794119	0.813941	1.962938	2.379732	1.353006	2.001406	1.368622	1.843400	1.035917	1.627882	0.571183	0.536773	1.164313	0.575543	1.331353	1.256234	1.551813	0.261008	1.436358	0.206155	
0.820061	2.270050	1.096586	2.419969	1.650000	0.749166	1.258968	1.755349	0.892328	2.125000	1.420607	1.097725	0.905539	1.258223	0.292617	1.895059	1.012423	1.803122	2.294559	1.396648	
0.535023	1.532359	0.843356	1.581139	0.679154	0.992472	0.355317	0.921954	0.141421	1.152443	0.660019	0.972754	1.355083	1.218862	0.700446	0.921954	0.425735	1.236932	1.329003	0.925000	
1.439618	1.361295	1.415097	0.869626	0.350000	1.805893	0.764853	0.617454	1.138530	0.125000	1.009022	1.733494	2.284732	1.945026	1.727896	0.302076	1.106797	1.466714	0.514782	1.432000	
0.175000	1.595306	1.291559	2.235089	1.276959	1.184536	1.011496	1.578171	0.515388	1.724094	0.794512	0.456207	0.700446	0.675463	0.447214	1.417965	0.973717	1.113833	1.775704	0.707107	
1.634396	0.811249	2.050914	1.500000	0.919918	2.371708	1.315770	1.341641	1.486607	0.691466	1.025000	1.746783	2.385634	1.892254	2.081015	0.565685	1.675187	1.166190	0.226385	1.340009	
1.386768	0.079057	2.258456	2.153050	1.283793	2.445020	1.527457	1.804335	1.437228	1.315770	0.813941	1.291559	1.936653	1.353699	1.925162	1.002809	1.833882	0.525000	0.939747	0.869626	
1.428504	0.079057	2.281036	2.142574	1.290591	2.475505	1.546165	1.808487	1.469906	1.304320	0.848528	1.340009	1.985730	1.403567	1.965006	1.000312	1.857586	0.575000	0.916856	0.917197	
1.009022	1.583114	0.831039	1.090011	0.305164	1.185591	0.152069	0.445112	0.630971	0.745822	0.863134	1.410009	1.845434	1.650757	1.158123	0.654313	0.482830	1.455378	1.055047	1.249500	
0.921954	1.653217	0.710634	1.200521	0.447214	1.039832	0.050000	0.535023	0.530330	0.897566	0.875000	1.346291	1.741407	1.590794	1.020110	0.785016	0.335410	1.475212	1.192686	1.231107	
0.716327	2.121615	0.800391	2.095382	1.355775	0.550568	0.950329	1.432000	0.648556	1.829276	1.241974	1.103687	1.100284	1.308625	0.226385	1.625000	0.687841	1.706055	2.033009	1.311964	
0.895126	1.927596	1.978952	2.990819	2.006552	1.746425	1.770946	2.337734	1.274755	2.427061	1.370447	0.629484	0.127475	0.546008	0.989002	2.089258	1.715007	1.372953	2.395047	1.050298	
1.308625	0.230489	2.294014	2.325134	1.400893	2.435416	1.589025	1.926460	1.423464	1.495201	0.805062	1.142366	1.772005	1.171804	1.856239	1.158123	1.866815	0.348210	1.151086	0.742041	
1.229837	0.673146	2.383799	2.652593	1.662077	2.437468	1.750714	2.177441	1.461592	1.848141	0.926350	0.919239	1.476482	0.862047	1.762278	1.487027	1.965960	0.333542	1.557241	0.640800	
1.700368	2.125588	0.975320	0.502494	0.785016	1.453444	0.816241	0.269258	1.308625	0.850368	1.542117	2.115715	2.514210	2.357568	1.736555	1.054751	0.928036	2.110095	1.313868	1.946953	
1.085415	1.772005	0.660019	1.062132	0.477624	1.051487	0.213600	0.391312	0.691466	0.873212	1.027740	1.513481	1.895554	1.758195	1.142366	0.832541	0.375000	1.625769	1.222957	1.394633	
1.770064	0.320156	2.629758	2.383406	1.607210	2.830746	1.889610	2.113203	1.825000	1.550806	1.202601	1.638788	2.270050	1.667708	2.311385	1.290591	2.208082	0.845946	1.113833	1.229837	
0.649038	1.922401	1.622113	2.704163	1.759616	1.382932	1.476906	2.040221	0.986154	2.205816	1.225000	0.592663	0.257391	0.656220	0.626997	1.892749	1.380670	1.386542	2.236347	1.004054	
1.106797	1.538059	2.353720	3.088891	2.055480	2.225140	1.947434	2.489227	1.490386	2.394394	1.291559	0.650000	0.763217	0.403887	1.450216	2.026388	2.008109	1.013040	2.238861	0.870704	
0.550568	1.583114	1.748035	2.638773	1.636498	1.600195	1.434617	1.998281	0.945053	2.046033	0.982344	0.251247	0.400780	0.291548	0.825379	1.703856	1.431127	1.035917	2.007019	0.679154	
1.860108	1.976898	1.358308	0.257391	0.781025	1.826540	1.006231	0.480885	1.492062	0.600521	1.560649	2.227667	2.704163	2.457768	2.001406	0.917197	1.225765	2.069118	1.054751	1.985101	
0.158114	1.300240	1.300000	2.016494	1.012423	1.313868	0.832166	1.386092	0.382426	1.434617	0.467039	0.471699	0.965660	0.716327	0.691466	1.109617	0.912414	0.866747	1.453444	0.482830	
1.305038	0.145774	2.215993	2.177298	1.275980	2.386027	1.494364	1.800174	1.375000	1.343968	0.750000	1.195042	1.838648	1.253994	1.846957	1.015197	1.789728	0.425000	0.991527	0.775403	
1.710263	2.203548	0.905539	0.575543	0.851469	1.386092	0.832166	0.325960	1.315770	0.950329	1.590008	2.136001	2.510478	2.379732	1.712637	1.138530	0.901388	2.167083	1.411559	1.986989	
1.341641	2.711665	0.751665	2.228508	1.746425	0.276134	1.320038	1.634396	1.202601	2.189892	1.825000	1.724094	1.607016	1.917192	0.831039	2.069118	0.965660	2.324059	2.482438	1.935362	
0.958188	1.426972	2.211476	2.928844	1.895554	2.101339	1.789728	2.329834	1.337208	2.237465	1.133578	0.498121	0.725000	0.254951	1.330883	1.870328	1.858259	0.887764	2.091202	0.715017	
0.570088	0.880696	1.627882	2.046033	1.012423	1.710629	1.011187	1.490386	0.711512	1.331587	0.230489	0.559017	1.201041	0.726722	1.114955	0.965013	1.209339	0.459619	1.217580	0.195256	
1.510381	0.195256	2.298097	2.071835	1.267379	2.516446	1.554429	1.775528	1.520691	1.234150	0.910014	1.451293	2.100298	1.525819	2.038535	0.955249	1.879162	0.701783	0.822344	1.025000	
0.522015	1.950801	1.277693	2.428220	1.540292	1.039832	1.208305	1.758195	0.745822	2.005773	1.147007	0.721110	0.604152	0.877852	0.279508	1.726630	1.063015	1.456451	2.102380	1.050298	
0.670820	1.693554	0.667083	1.510381	0.707107	0.849264	0.304138	0.840387	0.285044	1.179248	0.831039	1.123610	1.450000	1.369535	0.704006	0.998123	0.250000	1.412887	1.411559	1.100284	
1.375000	1.981161	0.691466	0.831039	0.625000	1.152443	0.503115	0.213600	0.980115	0.884590	1.294701	1.805028	2.175000	2.049695	1.389244	0.962094	0.581485	1.885636	1.305038	1.676305	
0.809707	1.955761	0.450694	1.589222	0.925000	0.585769	0.498121	0.927699	0.485412	1.382932	1.084551	1.270089	1.485135	1.510381	0.640312	1.241219	0.182003	1.652460	1.654728	1.315295	
1.762278	0.333542	2.559907	2.253470	1.510174	2.782198	1.814008	2.007019	1.785532	1.425219	1.171537	1.669019	2.310438	1.718284	2.295920	1.182423	2.142574	0.887764	0.980115	1.249500	
0.535023	1.393960	0.965013	1.562050	0.601041	1.133578	0.369121	0.921954	0.200000	1.064483	0.529741	0.936082	1.380670	1.179248	0.803508	0.806226	0.539676	1.118034	1.206752	0.831039	
1.789728	1.662077	1.557442	0.575000	0.673146	1.995777	1.029866	0.660019	1.463087	0.291548	1.380670	2.101339	2.638773	2.315437	2.030394	0.660019	1.328768	1.823630	0.700446	1.803469	
0.934077	1.133854	1.250000	1.296630	0.269258	1.535008	0.500000	0.785016	0.679154	0.626997	0.520216	1.220656	1.773415	1.437228	1.283793	0.325960	0.848528	1.061249	0.728011	0.945053	
0.778621	1.007782	1.330883	1.511622	0.480885	1.555635	0.601041	0.982344	0.604152	0.818917	0.305164	1.020417	1.597263	1.230091	1.195042	0.474342	0.908983	0.863134	0.825379	0.730154	
0.270416	1.485345	1.025000	1.840007	0.893378	1.062132	0.618971	1.185591	0.125000	1.353237	0.602080	0.719809	1.095730	0.965660	0.553399	1.075000	0.642748	1.107079	1.460522	0.745822	
1.017964	1.926947	0.425735	1.264911	0.715017	0.790569	0.325960	0.608276	0.632456	1.132751	1.113833	1.471819	1.770946	1.717738	0.956883	1.063015	0.145774	1.711724	1.465009	1.428504	
0.697316	1.361295	1.952242	2.690725	1.661701	1.856071	1.535008	2.080865	1.077033	2.025617	0.922293	0.237171	0.637377	0.025000	1.093446	1.664332	1.597263	0.806226	1.917355	0.529741	
1.518223	0.485412	2.140093	1.783606	1.051190	2.406502	1.390144	1.535008	1.449569	0.950329	0.893378	1.550000	2.200568	1.665270	2.013237	0.711512	1.735655	0.886707	0.522015	1.126111	
1.122776	2.169101	0.167705	1.417965	0.980115	0.555090	0.585769	0.803508	0.775000	1.386542	1.329003	1.583706	1.789029	1.825171	0.921954	1.328768	0.261008	1.917192	1.730065	1.603122	
0.588430	1.144825	1.202601	1.594522	0.566789	1.382932	0.525595	1.006231	0.403113	0.975000	0.301040	0.886707	1.425219	1.113833	0.989002	0.657647	0.775403	0.901388	1.027740	0.673146	
0.867828	1.000000	2.100149	2.614025	1.582127	2.085815	1.559046	2.058671	1.176063	1.874166	0.797653	0.485412	1.028652	0.413824	1.365650	1.502706	1.704589	0.456207	1.685415	0.380789	
1.764405	1.549597	1.625000	0.700446	0.661910	2.050152	1.050298	0.742041	1.456237	0.215058	1.320038	2.053807	2.609717	2.261084	2.037462	0.583631	1.368622	1.735115	0.577170	1.738174	
0.849264	1.820886	1.982738	2.944911	1.948397	1.775528	1.732412	2.298369	1.237942	2.359158	1.288652	0.539676	0.215058	0.436606	1.006541	2.015564	1.698897	1.265899	2.311114	0.952956	
1.620378	0.180278	2.515576	2.351197	1.525000	2.700116	1.782730	2.040374	1.690599	1.513275	1.065950	1.480920	2.112019	1.510381	2.163909	1.226020	2.091202	0.687841	1.099147	1.073546	
1.675187	0.964689	1.987775	1.350926	0.855132	2.332381	1.269350	1.234909	1.491643	0.561805	1.085415	1.825171	2.453824	1.984471	2.093591	0.514782	1.629801	1.290349	0.106066	1.431127	
9	15	21	
9	15	21	
9	15	21	
9	15	21	
9	15	21	
9	15	21	
9	15	21	
9	15	21	
9	15	21	
9	15	21	
9	15	21	
9	15	21	
9	15	21	
9	15	21	
9	15	21	
9	15	21	
9	15	21	
9	15	21	
9	15	21	
9	15	21	
9	13	17	
9	13	17	
9	13	17	
9	13	17	
9	13	17	
9	13	17	
9	13	17	
9	13	17	
9	13	17	
9	13	17	
9	13	17	
9	13	17	
9	13	17	
9	13	17	
9	13	17	
9	13	17	
9	13	17	
9	13	17	
9	13	17	
9	13	17	
1.000000	1.000000	1.000000	
1.000000	1.000000	1.000000	
1.000000	1.000000	1.000000	
1.000000	1.000000	1.000000	
1.000000	1.000000	1.000000	
1.000000	1.000000	1.000000	
1.000000	1.000000	1.000000	
1.000000	1.000000	1.000000	
1.000000	1.000000	1.000000	
1.000000	1.000000	1.000000	
1.000000	1.000000	1.000000	
1.000000	1.000000	1.000000	
1.000000	1.000000	1.000000	
1.000000	1.000000	1.000000	
1.000000	1.000000	1.000000	
1.000000	1.000000	1.000000	
1.000000	1.000000	1.000000	
1.000000	1.000000	1.000000	
1.000000	1.000000	1.000000	
1.000000	1.000000	1.000000	
0.500000
144