100
20
3
1.216667	0.483333	0.233333	1.333333	0.366667	0.766667	1.100000	0.416667	1.483333	1.200000	0.550000	0.900000	0.316667	1.166667	1.216667	0.400000	0.700000	0.633333	0.866667	0.550000	0.750000	0.566667	0.416667	0.350000	1.350000	1.033333	0.950000	0.716667	1.516667	1.283333	1.383333	0.350000	0.383333	0.883333	1.400000	1.100000	0.866667	1.450000	1.016667	0.183333	0.233333	0.883333	0.433333	1.600000	1.016667	1.000000	0.283333	0.300000	0.650000	0.483333	0.566667	0.316667	0.500000	0.316667	0.500000	1.533333	0.483333	0.966667	0.566667	0.350000	1.516667	0.666667	1.333333	0.250000	0.950000	1.016667	1.366667	1.066667	0.500000	0.966667	1.316667	0.450000	0.333333	0.766667	1.300000	0.833333	0.850000	0.733333	0.500000	0.800000	1.183333	0.950000	0.800000	0.166667	0.350000	1.366667	0.166667	1.600000	0.766667	0.233333	0.433333	0.483333	1.016667	1.316667	1.433333	1.483333	0.166667	1.350000	1.050000	0.300000	
0.515388	1.270089	0.250000	1.147279	1.467353	1.156774	0.813941	0.761988	1.610124	0.845946	0.610328	1.051487	0.715891	1.021335	0.301040	1.219119	0.831039	1.892254	0.213600	0.925000	
1.281113	1.277204	0.863496	1.802256	0.509902	0.680074	0.691466	0.452769	1.323112	1.313868	1.693554	0.785016	1.615743	0.150000	1.277204	2.210345	1.803469	0.883883	0.960469	1.030776	
1.202601	0.592663	0.760345	0.705780	1.597655	0.738241	0.442295	1.050000	0.976281	0.226385	1.007782	1.485345	1.386768	0.961769	0.553399	1.231107	0.854400	1.978952	0.500000	1.486607	
0.550568	1.865643	0.637377	1.960230	1.044330	1.472455	1.245492	0.536773	2.087163	1.590008	1.286954	0.347311	0.855132	1.028652	1.126111	1.992486	1.632674	1.431127	0.916856	0.103078	
0.711512	1.221167	0.536773	0.910014	1.735655	1.258968	0.908639	1.040433	1.607210	0.715017	0.406971	1.343968	0.795692	1.234909	0.079057	0.930390	0.538516	2.157835	0.360555	1.204159	
0.771767	1.734395	0.943398	1.202601	2.155371	1.808487	1.457738	1.445035	2.137756	1.193995	0.158114	1.625000	0.600000	1.736555	0.625000	0.778621	0.590021	2.580819	0.879275	1.386768	
0.695072	1.766529	0.629484	1.950000	0.848896	1.325943	1.131923	0.371652	1.956080	1.545356	1.380670	0.201556	1.020417	0.853302	1.152443	2.061553	1.683931	1.244237	0.900347	0.246221	
1.553222	0.522015	1.162164	0.375000	1.995307	0.995615	0.798827	1.475212	0.946375	0.206155	1.163239	1.910497	1.679472	1.343968	0.813941	1.113833	0.834416	2.358495	0.886707	1.899013	
1.805893	1.853712	1.485135	2.470956	0.304138	1.216553	1.342805	0.986154	1.777815	1.978952	2.335193	1.027740	2.144907	0.806226	1.944544	2.885849	2.478911	0.226385	1.626346	1.358308	
1.655483	1.594718	1.286954	2.214723	0.301040	0.958188	1.084551	0.814325	1.535008	1.722099	2.128673	0.965984	1.995307	0.555090	1.719193	2.651886	2.245134	0.485412	1.402007	1.278916	
1.361295	0.975000	0.875357	1.569235	0.800391	0.371652	0.437321	0.630971	1.017964	1.076162	1.629801	1.044330	1.676678	0.167705	1.173936	2.061553	1.660008	1.130542	0.877852	1.241219	
2.184176	0.477624	1.680030	1.315770	1.879661	0.760345	0.955249	1.700184	0.111803	1.029866	2.050000	2.149564	2.415057	1.297353	1.604875	2.093144	1.800174	2.103717	1.488498	2.285963	
1.677051	0.901388	1.179248	1.646398	0.965013	0.285044	0.581485	0.951972	0.809707	1.167262	1.879661	1.345362	1.985101	0.465027	1.408013	2.233971	1.845603	1.201041	1.138530	1.560849	
0.809707	1.515957	0.848528	0.990581	2.068967	1.623461	1.274755	1.361295	1.923538	0.972433	0.070711	1.600195	0.728011	1.600195	0.436606	0.686477	0.403887	2.494118	0.726722	1.399330	
1.671264	0.201556	1.171537	1.005609	1.575000	0.436606	0.471699	1.252248	0.427200	0.594243	1.562850	1.711176	1.900658	0.930390	1.103687	1.707703	1.368622	1.878330	0.973717	1.810559	
1.184536	1.015197	0.701783	1.510381	0.800391	0.480234	0.403113	0.477624	1.123610	1.021335	1.477329	0.915492	1.500833	0.160078	1.033501	1.945829	1.540495	1.173936	0.726722	1.085415	
0.180278	1.732772	0.442295	1.673507	1.332760	1.465009	1.171804	0.679154	2.020056	1.364734	0.910014	0.707107	0.515388	1.131923	0.813941	1.625000	1.281113	1.744276	0.686477	0.459619	
1.308625	0.471699	0.845946	0.742041	1.583114	0.645174	0.391312	1.082243	0.848896	0.250000	1.134956	1.529706	1.505199	0.933408	0.680074	1.330648	0.965013	1.950000	0.601041	1.556037	
1.175266	0.664267	0.766893	0.625000	1.680774	0.850000	0.548293	1.104536	1.064483	0.190394	0.916856	1.526843	1.335337	1.054751	0.480885	1.119431	0.743303	2.069118	0.492443	1.504161	
1.206493	0.590021	0.707990	0.961769	1.353006	0.498121	0.176777	0.867828	0.883883	0.469707	1.177391	1.322167	1.444386	0.705780	0.700446	1.484082	1.095730	1.723550	0.515388	1.376817	
0.640312	1.866815	0.925000	1.397542	2.101488	1.875167	1.525819	1.398660	2.256241	1.341641	0.336341	1.520691	0.406971	1.741049	0.728011	0.986471	0.797653	2.523886	0.925338	1.255488	
0.675463	1.407569	0.654313	0.999062	1.874166	1.457738	1.107079	1.167262	1.800868	0.883883	0.213600	1.419947	0.673146	1.408900	0.276134	0.845946	0.500000	2.299185	0.538516	1.236932	
1.848141	0.550568	1.332760	1.400893	1.388569	0.301040	0.601041	1.255239	0.382426	0.975000	1.875167	1.690599	2.119257	0.818917	1.400223	2.089258	1.734395	1.625000	1.201301	1.858259	
0.784618	1.009022	0.282843	1.131923	1.241219	0.809707	0.474342	0.594243	1.303840	0.711073	0.919239	1.000312	1.044031	0.707549	0.480234	1.418185	1.011496	1.655483	0.167705	0.989002	
0.859142	1.140449	0.382426	1.431782	0.915492	0.742041	0.506211	0.301040	1.343968	0.976281	1.200521	0.752080	1.175266	0.436606	0.795692	1.741407	1.335337	1.331587	0.477624	0.835539	
1.476906	1.461592	1.388569	0.626997	2.551960	1.817966	1.515132	1.879495	1.887624	0.951972	0.731864	2.198010	1.397542	1.981161	0.860959	0.175000	0.316228	2.965004	1.166190	2.039608	
0.897566	1.431127	0.565685	1.755349	0.656220	0.941077	0.790569	0.055902	1.581139	1.302162	1.415980	0.458939	1.236932	0.458939	1.068000	2.017734	1.616516	1.081954	0.760345	0.638847	
1.138530	0.822344	0.625000	1.264170	1.044031	0.427200	0.182003	0.604152	1.007782	0.775403	1.305038	1.063602	1.426753	0.403113	0.840387	1.722099	1.320038	1.419947	0.559017	1.171537	
1.334166	1.656804	1.345595	0.879275	2.551715	1.936814	1.610318	1.855061	2.084616	1.118034	0.564026	2.124265	1.200260	2.026388	0.848528	0.182003	0.348210	2.973214	1.166726	1.929054	
0.357946	1.468205	0.176777	1.463728	1.241219	1.211662	0.908983	0.536773	1.755349	1.119431	0.855132	0.738664	0.675463	0.926350	0.626997	1.523155	1.147007	1.665270	0.436606	0.600521	
1.559848	0.583631	1.044629	1.308625	1.202341	0.055902	0.325960	0.976281	0.617454	0.835539	1.634396	1.421487	1.837457	0.577170	1.156774	1.923538	1.546165	1.496036	0.930390	1.573412	
1.286954	1.181630	1.116076	0.450694	2.247221	1.500833	1.195042	1.589025	1.609542	0.649038	0.630971	1.934231	1.276959	1.665083	0.588430	0.469707	0.180278	2.656360	0.873212	1.806239	
1.944865	0.250000	1.485135	0.809707	2.025154	0.883883	0.879275	1.660196	0.520216	0.626498	1.657747	2.118962	2.120289	1.377044	1.261943	1.601757	1.343968	2.326478	1.239456	2.180883	
1.220912	1.575793	1.220656	0.840387	2.427061	1.829105	1.498332	1.730065	2.002498	1.029866	0.452769	2.001406	1.104536	1.905420	0.725000	0.276134	0.251247	2.848794	1.043132	1.810559	
1.377044	1.733854	1.410009	0.946375	2.620115	2.015564	1.688379	1.920937	2.161741	1.196349	0.608790	2.180883	1.226020	2.100595	0.919918	0.195256	0.427200	3.042409	1.237942	1.978004	
2.069118	0.506211	1.556639	1.388569	1.662077	0.570088	0.818917	1.523975	0.134629	1.032594	2.012616	1.965006	2.321234	1.097725	1.549597	2.134391	1.811077	1.879162	1.392839	2.121320	
1.644118	0.175000	1.180042	0.728869	1.786232	0.693271	0.602080	1.370447	0.602080	0.378319	1.408013	1.827054	1.830983	1.129436	0.983933	1.461592	1.150272	2.116158	0.937083	1.878330	
0.869626	2.248611	1.044330	2.366036	1.118034	1.806239	1.616516	0.851469	2.440415	1.995307	1.638025	0.437321	1.102554	1.312440	1.525205	2.359158	2.015564	1.426972	1.323820	0.304138	
0.654313	2.295784	1.012423	2.263018	1.450216	1.945026	1.697056	1.017657	2.546566	1.956559	1.403567	0.726722	0.790569	1.509346	1.401116	2.132194	1.827738	1.792519	1.275000	0.419076	
0.437321	1.685601	0.436606	1.758728	1.077033	1.331353	1.078483	0.452769	1.927596	1.391492	1.119431	0.465027	0.771767	0.934077	0.928036	1.811250	1.443087	1.487027	0.715891	0.304138	
1.258223	0.515388	0.785016	0.806226	1.511001	0.604669	0.325960	1.007782	0.869626	0.313249	1.127497	1.456237	1.466714	0.863496	0.661910	1.364734	0.989002	1.880990	0.550568	1.487658	
0.816241	1.776584	0.999062	1.222957	2.210204	1.860779	1.510174	1.500000	2.182458	1.233390	0.201556	1.675187	0.626997	1.792345	0.675463	0.760345	0.602080	2.635574	0.934077	1.432655	
0.691466	1.800174	0.651920	1.975158	0.867828	1.361295	1.166190	0.406971	1.991231	1.574206	1.389244	0.195256	1.012423	0.887764	1.171804	2.075151	1.700184	1.258223	0.925000	0.213600	
0.657647	1.346291	0.585769	0.983933	1.803122	1.380670	1.029866	1.098294	1.734395	0.832166	0.292617	1.365650	0.695072	1.330883	0.206155	0.896172	0.530330	2.227667	0.459619	1.196349	
0.937083	0.840015	0.492443	0.883883	1.454519	0.809707	0.460977	0.838525	1.188486	0.467039	0.855862	1.250250	1.141271	0.866386	0.378319	1.239456	0.835539	1.858259	0.230489	1.226020	
0.710634	1.081665	0.350892	0.980115	1.495410	1.025305	0.675000	0.816241	1.434617	0.651920	0.656220	1.167262	0.896172	0.977880	0.212132	1.160011	0.755811	1.914419	0.106066	1.082243	
0.626498	2.081466	1.029866	1.646398	2.135708	2.037462	1.693554	1.454734	2.458785	1.569235	0.585769	1.500000	0.301040	1.845603	0.939415	1.212693	1.047020	2.550000	1.089151	1.202601	
0.735272	1.043132	0.257391	1.101136	1.305038	0.880696	0.539676	0.640800	1.355083	0.704006	0.840387	1.026219	0.980434	0.784618	0.406971	1.350926	0.945053	1.722099	0.090139	0.989002	
1.253994	0.850000	0.950329	0.378319	1.978952	1.158123	0.866386	1.364276	1.275980	0.304138	0.784618	1.756417	1.335337	1.366108	0.492443	0.817389	0.475657	2.375395	0.675463	1.684117	
1.134956	1.200260	0.980434	0.565685	2.136147	1.454519	1.131923	1.464795	1.625192	0.650481	0.496236	1.796003	1.129712	1.573412	0.450694	0.531507	0.134629	2.550123	0.750417	1.659254	
0.797261	0.991527	0.403113	0.925338	1.491015	0.952956	0.602080	0.831039	1.346291	0.570636	0.715891	1.206493	0.986154	0.945053	0.246221	1.168867	0.761988	1.905420	0.125000	1.142639	
0.215058	1.804508	0.512957	1.752320	1.328533	1.520691	1.235162	0.700000	2.085216	1.442654	0.972433	0.675463	0.527376	1.167262	0.892328	1.692077	1.353699	1.733854	0.763217	0.403113	
1.834734	0.645174	1.320275	1.480076	1.298075	0.269258	0.604669	1.204159	0.477624	1.039832	1.904107	1.629801	2.116158	0.750000	1.426972	2.150145	1.786757	1.525205	1.209339	1.811767	
1.218862	0.673146	0.704450	1.141271	1.182423	0.375000	0.035355	0.752080	0.886707	0.648556	1.294701	1.211662	1.487027	0.529741	0.818917	1.650757	1.256234	1.546165	0.577170	1.305038	
1.825171	0.535023	1.309819	1.380444	1.382932	0.282843	0.577170	1.237942	0.388104	0.951972	1.850169	1.675187	2.095382	0.806226	1.375227	2.065944	1.710263	1.625192	1.176860	1.839837	
1.030776	1.882153	0.910014	2.189321	0.575543	1.355083	1.243232	0.475657	2.003279	1.750000	1.706055	0.158114	1.352082	0.825379	1.439618	2.370258	1.982738	0.934077	1.158123	0.491172	
0.975000	0.896172	0.459619	1.202082	1.107079	0.594243	0.285044	0.555090	1.136332	0.731864	1.138530	1.006541	1.255488	0.512957	0.682367	1.591383	1.185591	1.505199	0.388104	1.068000	
1.683931	0.279508	1.243483	0.604152	1.919798	0.838525	0.725431	1.475847	0.697316	0.347311	1.378858	1.928244	1.846957	1.262191	0.985203	1.364734	1.079641	2.256241	0.985203	1.959751	
0.972754	2.692815	1.402007	2.590487	1.817278	2.360085	2.105499	1.432655	2.956455	2.324059	1.644118	1.109617	0.980115	1.923538	1.733854	2.356507	2.098809	2.125147	1.650757	0.827647	
0.548862	1.759616	0.798827	1.335337	1.983053	1.750714	1.402007	1.277693	2.143158	1.243483	0.292617	1.418185	0.378319	1.614001	0.617454	1.000312	0.761577	2.406502	0.800000	1.166190	
0.443001	1.380670	0.090139	1.405569	1.210372	1.123610	0.818917	0.500000	1.665270	1.044629	0.866386	0.759111	0.750417	0.855862	0.588430	1.509346	1.123610	1.635925	0.364005	0.657647	
1.274019	1.505199	0.930054	1.992800	0.313249	0.910014	0.905539	0.436606	1.550806	1.511001	1.780449	0.626997	1.614001	0.378319	1.399330	2.346540	1.940522	0.726722	1.081954	0.916856	
1.916377	0.820061	1.407347	1.655483	1.221167	0.375832	0.726722	1.227294	0.604669	1.209339	2.040374	1.627882	2.211476	0.745822	1.562850	2.315302	1.945829	1.408013	1.325236	1.837457	
1.651704	1.261200	1.206752	1.941649	0.614919	0.625000	0.816241	0.831039	1.181630	1.450216	2.002811	1.129436	1.982738	0.388104	1.556639	2.452040	2.050152	0.826514	1.252248	1.399330	
0.561805	1.219887	0.100000	1.227294	1.290591	1.025000	0.696419	0.590021	1.526434	0.863496	0.790569	0.916856	0.824621	0.845946	0.436606	1.380670	0.983933	1.714825	0.182003	0.838525	
0.025000	1.757306	0.506211	1.597655	1.520896	1.557442	1.241471	0.848896	2.075151	1.340009	0.745822	0.901734	0.333542	1.275000	0.738664	1.471394	1.150272	1.935362	0.691466	0.638847	
0.884590	1.884808	0.818917	2.127352	0.725431	1.395081	1.244237	0.459619	2.038535	1.706605	1.582127	0.000000	1.200260	0.883883	1.346291	2.261775	1.881821	1.092016	1.082243	0.333542	
0.759111	1.510381	0.493077	1.758728	0.763217	1.060660	0.872138	0.111803	1.690599	1.327121	1.326885	0.382426	1.099147	0.604152	1.017964	1.959751	1.565248	1.185854	0.728011	0.500000	
2.019437	1.971199	1.691892	2.632727	0.515388	1.336273	1.500833	1.197132	1.852701	2.139655	2.540177	1.234150	2.358495	0.980115	2.140823	3.076727	2.669855	0.230489	1.822944	1.566246	
0.886707	1.075291	0.642748	0.735272	1.790251	1.188486	0.845946	1.118034	1.475847	0.548862	0.505594	1.461592	0.973717	1.241974	0.127475	0.867828	0.460977	2.205958	0.403113	1.350000	
0.696419	1.140175	0.182003	1.278916	1.136332	0.869626	0.561805	0.459619	1.410009	0.863134	0.964689	0.850000	0.986471	0.664267	0.570088	1.520074	1.116356	1.557241	0.257391	0.840387	
1.734395	0.771767	1.225765	1.556037	1.116076	0.213600	0.559017	1.055047	0.657647	1.090011	1.874166	1.467353	2.030394	0.583631	1.397542	2.180883	1.802256	1.350231	1.150272	1.665270	
0.965660	1.030776	0.711073	0.656220	1.837457	1.185854	0.850368	1.175266	1.438967	0.492443	0.546008	1.529706	1.046721	1.273283	0.206155	0.831039	0.425735	2.250000	0.459619	1.425219	
1.100000	1.176860	0.656220	1.621149	0.682825	0.645174	0.550568	0.325960	1.290591	1.140175	1.479231	0.750000	1.428504	0.176777	1.063015	1.999531	1.592561	1.081665	0.745822	0.936082	
1.184536	1.015197	0.701783	1.510381	0.800391	0.480234	0.403113	0.477624	1.123610	1.021335	1.477329	0.915492	1.500833	0.160078	1.033501	1.945829	1.540495	1.173936	0.726722	1.085415	
0.783023	1.625000	0.890225	1.096016	2.109650	1.714825	1.364734	1.399330	2.030394	1.083109	0.050000	1.608765	0.657647	1.666021	0.527376	0.725431	0.493077	2.535375	0.798827	1.388569	
0.279508	1.900164	0.728869	1.612452	1.789728	1.770770	1.439184	1.116076	2.247499	1.432873	0.629484	1.155692	0.079057	1.528275	0.795692	1.350000	1.085415	2.202981	0.850368	0.867828	
0.390512	1.820027	0.548293	1.849493	1.171004	1.476906	1.219887	0.588430	2.070175	1.504161	1.132751	0.500000	0.700446	1.075291	1.001249	1.844078	1.492062	1.569235	0.822344	0.237171	
1.325236	1.386092	1.231107	0.608790	2.400521	1.700000	1.386768	1.724094	1.814008	0.855132	0.594243	2.039914	1.261200	1.838478	0.704450	0.270416	0.158114	2.815360	1.012423	1.882817	
1.610124	0.715891	1.270089	0.167705	2.182029	1.206752	0.995301	1.629801	1.130542	0.364005	1.120547	2.050610	1.695029	1.536636	0.850000	0.950329	0.728869	2.553919	0.990581	2.010286	
0.626997	1.495201	0.675463	1.081665	1.895554	1.528275	1.177391	1.185591	1.885802	0.973717	0.176777	1.410895	0.592663	1.454519	0.357946	0.873212	0.555090	2.321234	0.594243	1.209597	
1.505199	1.681703	1.492062	0.851469	2.686192	2.013237	1.698897	1.997029	2.108613	1.162164	0.735697	2.282132	1.375227	2.140823	0.980115	0.050000	0.442295	3.104936	1.296389	2.095382	
1.546165	0.798827	1.231361	0.111803	2.191603	1.255239	1.020417	1.615743	1.219119	0.381608	1.027740	2.025617	1.615936	1.554228	0.784618	0.851469	0.626997	2.572086	0.952956	1.969296	
1.041933	1.734395	0.840387	2.079663	0.485412	1.197132	1.098294	0.357946	1.845603	1.628074	1.667708	0.261008	1.375227	0.665676	1.364047	2.307054	1.911969	0.883530	1.068000	0.575000	
1.380444	0.416083	0.884590	0.925338	1.446764	0.445112	0.250000	1.020110	0.715891	0.442295	1.300961	1.478386	1.610124	0.789383	0.831039	1.531747	1.162164	1.794610	0.682367	1.547781	
1.262191	1.328768	0.860959	1.838478	0.467039	0.735272	0.735697	0.425000	1.378858	1.352082	1.698897	0.735272	1.598828	0.201556	1.291559	2.229910	1.822944	0.853302	0.973717	0.989002	
1.021335	0.995301	0.756637	0.601041	1.865643	1.179248	0.850000	1.211662	1.408013	0.450694	0.585235	1.574206	1.101136	1.290591	0.261008	0.816241	0.416083	2.275549	0.498121	1.475847	
1.432873	1.525000	1.375227	0.707107	2.555020	1.857586	1.546367	1.873666	1.952242	1.004054	0.675463	2.177298	1.336507	1.997655	0.853302	0.111803	0.305164	2.971216	1.165386	2.007019	
1.535008	0.375832	1.026219	1.078483	1.400893	0.291548	0.301040	1.073546	0.555090	0.617454	1.500208	1.531747	1.782730	0.751665	1.027740	1.723550	1.360147	1.716464	0.854400	1.640122	
0.355317	1.425219	0.261008	1.291559	1.460308	1.274755	0.941077	0.750000	1.755883	1.005609	0.620987	0.972754	0.577170	1.079352	0.431567	1.290591	0.921954	1.885802	0.360555	0.806226	
1.526843	0.375832	1.095730	0.550568	1.843909	0.820061	0.642748	1.358308	0.803508	0.190394	1.226020	1.804508	1.686898	1.188486	0.825379	1.261200	0.950000	2.198010	0.832166	1.820027	
1.880326	0.182003	1.382932	1.063602	1.731509	0.577170	0.680074	1.454519	0.250000	0.725000	1.735655	1.911969	2.102974	1.103687	1.288652	1.814180	1.501874	2.007642	1.179248	2.020056	
1.645068	0.176777	1.150272	0.950329	1.600781	0.474342	0.469707	1.253994	0.467039	0.539676	1.516781	1.713549	1.867652	0.951315	1.061249	1.652460	1.315295	1.912132	0.943398	1.802776	
1.480076	0.753741	0.970824	1.425219	1.026219	0.134629	0.335410	0.831039	0.782624	0.938416	1.637834	1.265158	1.775528	0.403887	1.164313	1.990289	1.600195	1.328768	0.903120	1.437228	
1.891593	2.096575	1.626730	2.685610	0.406971	1.460522	1.565647	1.114955	2.028854	2.196161	2.477146	1.051487	2.225140	1.021335	2.112611	3.061046	2.655301	0.055902	1.796003	1.384061	
0.459619	1.315770	0.195256	1.220912	1.415980	1.167262	0.831039	0.707107	1.644118	0.908983	0.656220	0.980434	0.687841	0.996243	0.375832	1.285739	0.901388	1.841535	0.250000	0.850000	
0.879275	1.051487	0.375832	1.334166	0.999062	0.693271	0.425735	0.400780	1.273283	0.876427	1.151629	0.848896	1.181630	0.469707	0.726722	1.665083	1.258223	1.410009	0.410030	0.915492	
1.358308	1.216553	1.195042	0.436606	2.324059	1.560849	1.261200	1.667708	1.644118	0.696419	0.682367	2.013082	1.337208	1.738174	0.667083	0.419076	0.215058	2.732215	0.951972	1.883149	
1.796176	0.459619	1.388569	0.477624	2.128967	1.051190	0.930390	1.662077	0.838525	0.437321	1.402007	2.108613	1.926947	1.471394	1.061249	1.275000	1.044031	2.469059	1.118034	2.118962	
0.664267	1.241471	0.493077	0.956883	1.698529	1.253994	0.903120	1.000000	1.621149	0.745822	0.419076	1.296630	0.760345	1.209339	0.106066	0.973717	0.585235	2.121615	0.335410	1.154340	
10	14	18	
10	14	18	
10	14	18	
10	14	18	
10	14	18	
10	14	18	
10	14	18	
10	14	18	
10	14	18	
10	14	18	
10	14	18	
10	14	18	
10	14	18	
10	14	18	
10	14	18	
10	14	18	
10	14	18	
10	14	18	
10	14	18	
10	14	18	
11	16	21	
11	16	21	
11	16	21	
11	16	21	
11	16	21	
11	16	21	
11	16	21	
11	16	21	
11	16	21	
11	16	21	
11	16	21	
11	16	21	
11	16	21	
11	16	21	
11	16	21	
11	16	21	
11	16	21	
11	16	21	
11	16	21	
11	16	21	
1.000000	1.000000	1.000000	
1.000000	1.000000	1.000000	
1.000000	1.000000	1.000000	
1.000000	1.000000	1.000000	
1.000000	1.000000	1.000000	
1.000000	1.000000	1.000000	
1.000000	1.000000	1.000000	
1.000000	1.000000	1.000000	
1.000000	1.000000	1.000000	
1.000000	1.000000	1.000000	
1.000000	1.000000	1.000000	
1.000000	1.000000	1.000000	
1.000000	1.000000	1.000000	
1.000000	1.000000	1.000000	
1.000000	1.000000	1.000000	
1.000000	1.000000	1.000000	
1.000000	1.000000	1.000000	
1.000000	1.000000	1.000000	
1.000000	1.000000	1.000000	
1.000000	1.000000	1.000000	
0.200000
220