200
30
3
0.400000	0.983333	1.600000	1.150000	0.500000	1.200000	0.700000	0.816667	1.250000	0.216667	0.716667	0.816667	1.300000	1.083333	1.633333	1.600000	0.950000	1.000000	1.383333	0.233333	1.600000	0.800000	0.416667	0.850000	0.250000	1.183333	1.033333	0.383333	0.716667	1.000000	0.983333	1.300000	1.366667	1.633333	0.266667	1.566667	0.250000	0.550000	1.650000	1.183333	0.716667	0.216667	1.350000	0.750000	1.183333	0.666667	0.766667	0.166667	0.250000	0.333333	0.850000	0.233333	0.666667	0.650000	0.783333	0.600000	1.266667	1.183333	0.750000	1.433333	0.366667	0.183333	0.300000	0.433333	0.450000	0.700000	0.550000	1.616667	1.633333	1.533333	0.666667	0.166667	0.183333	1.466667	0.983333	0.483333	0.883333	0.616667	0.716667	1.250000	0.300000	1.250000	0.650000	1.100000	1.166667	1.133333	1.100000	0.433333	1.150000	0.400000	1.133333	0.483333	0.816667	1.333333	1.016667	0.750000	0.850000	0.733333	1.050000	0.950000	0.800000	0.283333	0.700000	0.233333	0.700000	0.816667	0.583333	0.700000	0.800000	0.950000	0.383333	0.550000	0.366667	0.966667	0.316667	1.000000	1.233333	1.083333	1.116667	1.416667	0.550000	1.016667	0.333333	0.300000	1.250000	1.033333	0.600000	0.883333	0.983333	0.800000	0.583333	1.400000	0.666667	0.500000	0.866667	1.116667	1.000000	0.650000	0.816667	0.366667	0.316667	0.550000	0.250000	0.733333	1.316667	0.300000	1.450000	0.166667	0.433333	0.200000	0.483333	1.583333	1.583333	0.900000	1.650000	1.183333	0.350000	0.816667	0.683333	0.783333	1.616667	1.066667	1.166667	1.566667	0.733333	0.500000	0.533333	0.266667	1.650000	1.616667	0.566667	0.483333	1.066667	1.150000	1.183333	0.900000	0.250000	0.433333	1.383333	1.266667	1.366667	0.500000	0.566667	1.250000	0.450000	0.683333	0.350000	0.966667	0.900000	0.633333	1.183333	0.500000	1.416667	0.516667	1.050000	1.300000	0.550000	0.400000	0.966667	1.550000	
1.800174	0.410030	0.410030	0.930390	2.213594	1.581139	0.391312	1.528275	1.412887	1.950160	0.770146	0.814325	0.305164	1.098294	2.075151	0.640800	1.035012	0.887764	1.730065	1.889775	1.364047	0.970824	1.917192	1.928892	0.704006	1.453444	1.325236	2.433747	1.666208	0.577170	
0.375832	1.755705	1.650757	1.063602	1.200260	1.179248	1.142366	0.679154	0.055902	0.604152	1.308625	0.816241	1.225255	0.596343	0.725000	1.219119	1.345595	1.930026	1.686713	1.182423	1.700000	0.660019	0.825379	1.575198	1.535008	2.160006	0.309233	1.741049	0.505594	0.855132	
1.792519	0.910014	0.336341	0.536773	2.443870	1.947434	0.805062	1.754459	1.393287	2.019437	1.258223	1.113833	0.347311	1.325236	1.938105	0.230489	1.510381	1.432873	2.192744	2.199148	1.873666	0.800000	2.101934	2.335193	0.167705	2.002498	1.444386	2.776801	1.492062	0.761988	
1.505199	0.770146	1.114955	1.300240	1.612452	0.894427	0.357946	0.980115	1.202601	1.542117	0.134629	0.371652	0.817389	0.637377	1.912132	1.133854	0.348210	0.750417	1.033501	1.233390	0.731864	1.092016	1.378632	1.222957	1.330648	1.030776	0.951972	1.745888	1.605070	0.555090	
0.536773	1.594718	1.574206	1.114955	1.096586	0.950000	0.976281	0.482830	0.285044	0.650481	1.085415	0.604669	1.142639	0.355317	0.957209	1.207528	1.105102	1.719920	1.446764	0.998123	1.454519	0.707107	0.730154	1.355775	1.520896	1.920937	0.079057	1.576587	0.745822	0.725000	
1.902958	0.961769	0.335410	0.601041	2.568195	2.070175	0.917878	1.879162	1.505199	2.136001	1.365650	1.237437	0.465027	1.450216	2.030548	0.325960	1.621149	1.500833	2.307054	2.323924	1.978004	0.903120	2.225140	2.455860	0.079057	2.084616	1.566246	2.901077	1.582127	0.886707	
1.225255	2.136001	2.401041	2.175144	0.375000	0.500625	1.632483	0.617454	1.320275	0.961769	1.382932	1.227294	2.005305	1.007782	1.704589	2.192316	1.179248	1.950641	0.874643	0.134629	1.236932	1.782028	0.530330	0.530330	2.481179	1.779220	1.017657	0.480885	1.730787	1.565647	
1.538059	0.964689	0.529741	0.375000	2.205108	1.750000	0.682367	1.520074	1.138530	1.765113	1.142639	0.915492	0.261008	1.098294	1.697425	0.103078	1.377044	1.432000	2.038535	1.980215	1.760149	0.552268	1.857586	2.149564	0.381608	1.955761	1.196349	2.563811	1.255488	0.555090	
1.416201	0.711073	0.875000	1.000312	1.724094	1.101136	0.103078	1.044330	1.063602	1.516781	0.425000	0.328824	0.527376	0.625500	1.768120	0.831039	0.649038	0.903120	1.319327	1.398660	1.035917	0.827647	1.438967	1.469906	1.041933	1.298075	0.892328	1.950160	1.414655	0.279508	
1.475847	1.218862	1.609542	1.692077	1.258968	0.452769	0.840015	0.770146	1.286954	1.405569	0.458939	0.604669	1.290591	0.664267	1.948397	1.578963	0.226385	1.000312	0.561805	0.825379	0.450694	1.400893	1.119431	0.730154	1.805028	0.960469	0.951972	1.276959	1.741049	0.941077	
0.743303	1.377044	1.353237	0.960469	1.270089	0.976281	0.759111	0.602080	0.406971	0.875357	0.919918	0.424264	0.921954	0.275000	1.117195	1.012423	0.983933	1.535008	1.425219	1.102554	1.360606	0.570636	0.917878	1.394633	1.320984	1.789029	0.261008	1.691892	0.828025	0.500000	
0.873212	1.255488	1.281113	0.986154	1.299279	0.910014	0.637377	0.610328	0.548293	0.977880	0.778621	0.282843	0.854400	0.201556	1.258223	0.992472	0.850368	1.395081	1.327121	1.081954	1.233390	0.625000	0.965660	1.328533	1.290349	1.650947	0.350892	1.671077	0.964689	0.412311	
0.250000	2.216134	2.186607	1.610124	0.818917	1.179248	1.598828	0.672681	0.594243	0.079057	1.643548	1.202082	1.756417	0.910014	0.675000	1.772005	1.595501	2.292651	1.715007	1.006541	1.873833	1.211662	0.502494	1.486607	2.088061	2.394394	0.612883	1.453444	0.811249	1.350926	
1.075291	1.379311	1.044031	0.325960	1.891593	1.621149	0.894427	1.255488	0.693271	1.341641	1.285496	0.875357	0.686477	0.910014	1.184536	0.525595	1.455378	1.749286	2.022375	1.762278	1.856071	0.090139	1.521923	2.039914	0.828402	2.174425	0.867828	2.350798	0.740355	0.601041	
0.840015	1.355775	1.448491	1.179248	1.118034	0.728011	0.750417	0.425000	0.592663	0.879275	0.776611	0.328824	1.028652	0.035355	1.277204	1.185591	0.785016	1.420607	1.176063	0.886707	1.140449	0.807775	0.800391	1.147007	1.480076	1.600781	0.285044	1.475847	1.044629	0.581485	
1.250250	0.883530	0.845946	0.753741	1.721918	1.210372	0.301040	1.028652	0.869626	1.400223	0.682367	0.375000	0.425000	0.592663	1.554429	0.638847	0.878208	1.160011	1.510174	1.456451	1.275980	0.559017	1.399330	1.608765	0.901734	1.566046	0.778621	2.033624	1.175266	0.025000	
1.600195	0.642748	1.015197	1.278916	1.739612	1.017964	0.301040	1.102554	1.280625	1.652460	0.167705	0.458939	0.752080	0.743303	1.991231	1.085415	0.430116	0.660019	1.125000	1.360147	0.783023	1.109617	1.501874	1.335337	1.258223	1.013040	1.051190	1.867652	1.665083	0.561805	
0.285044	2.404163	2.300543	1.631334	1.076162	1.479231	1.786757	0.965013	0.676849	0.364005	1.886796	1.419947	1.879162	1.144825	0.419076	1.838818	1.862961	2.530316	2.015564	1.305038	2.159282	1.262191	0.794512	1.787806	2.149709	2.670791	0.828025	1.725181	0.700446	1.510381	
0.760345	1.479231	1.278916	0.665676	1.556037	1.353237	0.903120	0.939747	0.364005	1.007782	1.197132	0.719809	0.867828	0.651920	0.965660	0.818917	1.312440	1.752320	1.800174	1.453444	1.703856	0.257391	1.184536	1.770770	1.133854	2.090753	0.540833	2.037308	0.570088	0.585769	
2.198010	0.111803	0.751665	1.449569	2.415704	1.669019	0.696419	1.775176	1.835245	2.294559	0.776209	1.089151	0.825379	1.389469	2.527969	1.151629	1.007782	0.474342	1.650757	2.025617	1.204159	1.469906	2.175144	1.934231	1.147279	1.100284	1.673507	2.502249	2.142574	0.995615	
1.020417	1.154340	1.274755	1.109617	1.290591	0.784618	0.552268	0.601041	0.726722	1.079352	0.602080	0.127475	0.866747	0.175000	1.432000	1.065950	0.660019	1.234909	1.159741	1.011496	1.044031	0.781425	0.990581	1.196349	1.343968	1.463087	0.469707	1.590990	1.153527	0.425735	
0.831039	1.450216	1.578963	1.317431	0.984886	0.608276	0.859142	0.292617	0.649038	0.817389	0.817389	0.427931	1.163239	0.145774	1.296630	1.326885	0.778621	1.467353	1.085415	0.745822	1.102554	0.939415	0.682367	1.025000	1.620378	1.591383	0.302076	1.335337	1.109617	0.716327	
1.128051	1.837457	2.101488	1.913766	0.583631	0.246221	1.330883	0.403113	1.134956	0.928036	1.089151	0.930054	1.710263	0.730154	1.625000	1.910497	0.900347	1.676678	0.745822	0.167705	1.017964	1.532359	0.531507	0.509902	2.193171	1.566246	0.800391	0.743303	1.575793	1.274755	
1.241219	1.515132	1.076162	0.213600	2.123970	1.881821	1.099147	1.505199	0.890225	1.532359	1.516781	1.129436	0.800391	1.170470	1.253994	0.527376	1.700735	1.934716	2.281036	2.015564	2.101339	0.348210	1.750893	2.300679	0.770146	2.395047	1.110180	2.602523	0.806226	0.831039	
0.436606	2.553551	2.429635	1.730787	1.177391	1.629801	1.937298	1.120547	0.813941	0.503115	2.045880	1.576587	2.012616	1.303840	0.390512	1.954002	2.022993	2.688517	2.165208	1.439618	2.317461	1.377044	0.925000	1.926947	2.261222	2.830415	0.986154	1.831154	0.761577	1.655483	
1.218862	0.930390	1.076162	1.044330	1.502082	0.919918	0.328824	0.818917	0.890225	1.299279	0.458939	0.103078	0.689656	0.400000	1.600781	0.939747	0.602080	1.050298	1.209597	1.192686	1.002809	0.785016	1.212693	1.310773	1.190851	1.353237	0.680074	1.757306	1.280625	0.292617	
1.627882	1.981477	2.369863	2.325941	0.866386	0.436606	1.590990	0.900000	1.628074	1.407569	1.227294	1.261943	2.022993	1.147007	2.123235	2.274313	0.973717	1.679658	0.431567	0.469707	0.878208	1.969296	0.984886	0.050000	2.530316	1.383158	1.283793	0.552268	2.075000	1.622498	
1.925649	0.682367	0.103078	0.770146	2.482942	1.914419	0.725000	1.789728	1.525205	2.125000	1.144825	1.102554	0.340037	1.353237	2.118077	0.450694	1.407569	1.225000	2.101339	2.198010	1.744456	0.970824	2.159427	2.281036	0.357946	1.817278	1.521923	2.760548	1.679658	0.784618	
1.136332	1.323820	1.581139	1.490386	1.057414	0.410030	0.806226	0.459619	0.956883	1.081665	0.602080	0.425735	1.202601	0.350892	1.608765	1.435705	0.493077	1.236932	0.800000	0.693271	0.790569	1.152443	0.843356	0.816241	1.700368	1.291559	0.614919	1.245492	1.415318	0.785016	
0.814325	1.781327	1.946953	1.651704	0.617454	0.480885	1.212693	0.090139	0.813941	0.656220	1.085415	0.783023	1.532359	0.514782	1.312440	1.686898	0.965660	1.722099	1.017657	0.427200	1.190851	1.255488	0.357946	0.831039	1.985101	1.726630	0.492443	1.007782	1.251000	1.085415	
1.375909	1.428504	0.950329	0.090139	2.227386	1.936814	1.064483	1.590008	1.012423	1.659254	1.501874	1.152443	0.716327	1.229837	1.403567	0.406971	1.702939	1.875667	2.310438	2.094039	2.101339	0.425735	1.856913	2.353853	0.625000	2.363525	1.204159	2.683398	0.955249	0.826514	
1.583114	1.835756	2.227667	2.205958	0.915492	0.328824	1.450000	0.834416	1.550202	1.386542	1.081665	1.131923	1.885802	1.037123	2.081015	2.143887	0.828025	1.540292	0.335410	0.477624	0.750000	1.858259	0.977880	0.106066	2.395047	1.270089	1.200260	0.686477	2.003902	1.492062	
1.657181	1.972308	2.369072	2.338001	0.901734	0.450694	1.591383	0.925338	1.651704	1.439618	1.220656	1.269350	2.026388	1.162164	2.153050	2.281721	0.964689	1.662077	0.403113	0.503115	0.855862	1.984471	1.017964	0.035355	2.535005	1.355775	1.305996	0.575543	2.100149	1.629801	
2.087163	0.626498	1.236932	1.728077	2.057456	1.250250	0.761577	1.502082	1.787631	2.102380	0.471699	0.957209	1.131923	1.213724	2.497624	1.485345	0.577170	0.200000	1.118034	1.625000	0.651920	1.610318	1.885802	1.439184	1.579953	0.577170	1.532359	2.031317	2.180166	1.063602	
0.604669	1.762278	1.525000	0.800391	1.553222	1.500833	1.187697	1.025000	0.302076	0.905884	1.463087	0.973717	1.130542	0.843356	0.697316	1.025000	1.556037	2.033624	1.985101	1.535008	1.937298	0.452769	1.179248	1.908042	1.328768	2.350532	0.629484	2.098362	0.285044	0.870704	
0.828402	2.109502	2.265502	1.909516	0.305164	0.665676	1.540292	0.395285	0.973717	0.559017	1.403567	1.109617	1.845603	0.831039	1.302162	1.976424	1.261200	2.030394	1.167262	0.391312	1.432655	1.502706	0.127475	0.883883	2.281721	1.979425	0.725000	0.843356	1.353006	1.398660	
1.654728	1.532359	1.968661	2.050152	1.175266	0.388909	1.206493	0.896172	1.540292	1.515132	0.795692	0.958188	1.659254	0.951315	2.147673	1.946953	0.531507	1.212693	0.201556	0.715891	0.427931	1.739612	1.150272	0.419076	2.173850	0.965013	1.188486	1.015197	2.001250	1.305038	
2.051371	0.700446	0.055902	0.862047	2.606962	2.026388	0.832541	1.913929	1.650757	2.252360	1.235162	1.221935	0.467039	1.477329	2.236068	0.548293	1.500000	1.256234	2.195023	2.316247	1.823630	1.089151	2.285416	2.386551	0.381608	1.863129	1.649242	2.875000	1.795132	0.910014	
1.425219	1.812457	2.163909	2.090753	0.794119	0.201556	1.382932	0.679154	1.400223	1.229837	1.051190	1.035012	1.804508	0.910014	1.923051	2.046033	0.814325	1.562850	0.460977	0.340037	0.813941	1.732231	0.825379	0.226385	2.307867	1.353006	1.052675	0.682825	1.851520	1.395081	
1.802256	1.655483	2.120289	2.225562	1.234909	0.514782	1.367708	1.040733	1.706239	1.643358	0.941077	1.133854	1.823630	1.125278	2.298097	2.117339	0.675463	1.290591	0.025000	0.785016	0.467039	1.916377	1.258223	0.378319	2.338402	0.955249	1.353237	0.975000	2.167083	1.478386	
2.388122	1.193995	1.819512	2.273351	2.089258	1.274755	1.290591	1.690599	2.156676	2.327150	0.877852	1.353006	1.700184	1.535008	2.846269	2.051371	0.785016	0.648556	0.903120	1.629801	0.503115	2.102974	2.019437	1.283793	2.161741	0.050000	1.846957	1.877665	2.589643	1.559046	
1.510381	1.900658	2.267157	2.202555	0.805062	0.313249	1.486607	0.775403	1.501874	1.300000	1.141271	1.145098	1.912132	1.021335	2.007019	2.156676	0.896172	1.627882	0.447214	0.375000	0.851469	1.843400	0.883883	0.127475	2.416868	1.377725	1.156774	0.601041	1.950160	1.505407	
0.316228	1.803122	1.729523	1.166190	1.095730	1.113833	1.185854	0.600000	0.160078	0.506211	1.315770	0.832166	1.300961	0.583631	0.730154	1.312440	1.331587	1.948397	1.631334	1.093446	1.672199	0.760345	0.721110	1.500833	1.628650	2.147819	0.270416	1.644688	0.575000	0.912414	
0.424264	1.957358	1.746783	1.019804	1.442437	1.510174	1.366108	1.000000	0.292617	0.745822	1.597263	1.101136	1.346291	0.916856	0.482830	1.250000	1.659254	2.194596	2.020210	1.488498	2.023919	0.676849	1.077033	1.900658	1.553222	2.468426	0.642748	2.026080	0.175000	1.054751	
1.325236	2.166218	2.454588	2.255272	0.442295	0.515388	1.680774	0.704450	1.415318	1.060660	1.408013	1.285010	2.065490	1.079641	1.804335	2.263018	1.191900	1.955761	0.827647	0.195256	1.216553	1.865643	0.629484	0.465027	2.547793	1.752320	1.107079	0.395285	1.829105	1.629801	
2.094338	0.223607	0.855862	1.465009	2.256795	1.497707	0.610328	1.629801	1.745888	2.170829	0.608276	0.965013	0.840387	1.261200	2.448597	1.185854	0.831039	0.350000	1.470544	1.858259	1.025914	1.434617	2.028854	1.755349	1.227294	0.958188	1.557442	2.326209	2.081015	0.925338	
1.962938	1.046721	1.599414	1.925649	1.728077	0.903466	0.952956	1.275980	1.733494	1.910007	0.500625	0.942404	1.397542	1.110180	2.420744	1.736555	0.360555	0.626997	0.673146	1.274755	0.201556	1.716464	1.621149	1.015197	1.892254	0.459619	1.421267	1.615743	2.170829	1.184536	
1.691892	1.325236	1.785007	1.931968	1.336273	0.515388	1.039832	0.955249	1.527457	1.590990	0.605186	0.851469	1.498332	0.910014	2.173850	1.802776	0.340037	1.000625	0.355317	0.879275	0.257391	1.650189	1.261943	0.632456	2.012461	0.805062	1.185591	1.225765	1.984471	1.176860	
1.114955	1.290591	1.532359	1.434617	1.089151	0.465027	0.760345	0.467039	0.919239	1.076162	0.583631	0.371652	1.150272	0.304138	1.581139	1.380444	0.500000	1.226020	0.850368	0.738241	0.818917	1.098294	0.859142	0.872138	1.646398	1.308148	0.583095	1.296389	1.375682	0.730154	
2.236767	0.325000	0.975000	1.621149	2.350532	1.570032	0.765261	1.743022	1.895059	2.301223	0.700446	1.100284	0.995301	1.391492	2.600240	1.337208	0.892328	0.246221	1.488498	1.938105	1.026219	1.594522	2.139655	1.796698	1.361295	0.873212	1.694476	2.380257	2.237465	1.081954	
1.756417	0.822344	0.302076	0.570088	2.372367	1.856913	0.704450	1.680774	1.355775	1.971357	1.155963	1.025914	0.250000	1.248249	1.927596	0.250000	1.409122	1.336507	2.093144	2.116158	1.770946	0.781425	2.035927	2.241093	0.269258	1.901480	1.384061	2.690725	1.485976	0.680074	
2.643979	1.075000	1.725000	2.316382	2.452040	1.628650	1.364047	1.993897	2.369863	2.621188	1.044330	1.540495	1.703856	1.770946	3.075914	2.055633	1.047020	0.534439	1.300240	1.995307	0.867828	2.214723	2.348537	1.677982	2.107279	0.353553	2.090753	2.275549	2.776013	1.668270	
2.018044	0.895126	1.471819	1.860779	1.858259	1.035917	0.878208	1.364734	1.760859	1.990289	0.459619	0.943398	1.303840	1.149184	2.460310	1.650757	0.416083	0.459619	0.840387	1.410895	0.369121	1.683931	1.726992	1.176860	1.784657	0.436606	1.467353	1.775528	2.184176	1.140175	
0.465027	2.425387	2.418677	1.845603	0.726722	1.256234	1.811077	0.797653	0.831039	0.200000	1.820027	1.402230	1.987775	1.103687	0.783023	2.009042	1.745888	2.469818	1.780449	1.017657	1.991231	1.448491	0.506211	1.510381	2.325134	2.525495	0.826514	1.380670	1.009022	1.575198	
1.352082	0.972433	0.676849	0.427931	1.990289	1.546367	0.555090	1.305038	0.951315	1.564649	1.000312	0.716327	0.279508	0.884590	1.552417	0.301040	1.216553	1.375909	1.858259	1.767767	1.609542	0.413824	1.644118	1.950801	0.596343	1.853712	0.984886	2.352791	1.123610	0.357946	
1.910007	1.255239	1.779923	2.030548	1.565647	0.749166	1.085415	1.184536	1.721918	1.821572	0.625000	0.986471	1.542117	1.096586	2.385372	1.868321	0.400000	0.850368	0.450694	1.106797	0.025000	1.783606	1.497707	0.803508	2.048322	0.571183	1.389244	1.405569	2.173131	1.275980	
1.274755	1.881821	2.185463	2.040833	0.626997	0.230489	1.407569	0.552268	1.283793	1.063602	1.123054	1.025914	1.806239	0.853302	1.770770	2.022993	0.908639	1.676678	0.637377	0.167705	0.965013	1.666021	0.651920	0.364005	2.298369	1.510174	0.946375	0.640312	1.725724	1.379311	
1.164313	0.956883	0.956883	0.818917	1.610124	1.110180	0.347311	0.916856	0.794512	1.300240	0.656220	0.279508	0.536773	0.480885	1.492062	0.735272	0.825379	1.185591	1.432000	1.347683	1.226020	0.570088	1.288652	1.513481	1.007782	1.550806	0.675463	1.926947	1.131923	0.090139	
1.367708	1.434617	1.787631	1.779220	1.039832	0.226385	1.007782	0.620987	1.236932	1.255239	0.673146	0.693271	1.440703	0.650000	1.856071	1.702388	0.452769	1.225000	0.500625	0.600000	0.590021	1.451293	0.930390	0.550568	1.950160	1.131923	0.886002	1.062132	1.697793	1.051487	
1.936814	1.698529	2.191461	2.334791	1.345595	0.648556	1.453444	1.175266	1.838648	1.775528	1.012423	1.245492	1.912132	1.252248	2.432720	2.215006	0.750417	1.297112	0.111803	0.903120	0.471699	2.034853	1.386092	0.459619	2.426160	0.900347	1.485976	1.032594	2.299592	1.583114	
2.369863	1.170470	1.795132	2.248611	2.080415	1.264170	1.265899	1.675187	2.136147	2.311385	0.854400	1.330883	1.675187	1.515132	2.826769	2.026388	0.765261	0.626498	0.901388	1.621149	0.492443	2.079213	2.006552	1.281113	2.136879	0.055902	1.827738	1.876499	2.568195	1.535008	
1.933423	1.150272	1.688379	1.975633	1.645068	0.822344	1.015197	1.226020	1.724094	1.862961	0.555090	0.958188	1.467353	1.097725	2.400521	1.800174	0.364005	0.738664	0.561805	1.188486	0.090139	1.746783	1.556639	0.908639	1.968661	0.506211	1.400893	1.510174	2.169101	1.226020	
0.592663	2.571478	2.353720	1.575198	1.525819	1.880990	1.972308	1.353237	0.840015	0.806226	2.159282	1.667708	1.961186	1.432873	0.134629	1.838818	2.180166	2.780288	2.416609	1.740869	2.510976	1.279893	1.237437	2.215006	2.128673	2.996352	1.117195	2.175144	0.577170	1.666208	
1.806931	1.109617	0.506211	0.452769	2.531427	2.085216	0.980434	1.850676	1.415318	2.057000	1.439184	1.250000	0.522015	1.432873	1.900164	0.250000	1.685415	1.634396	2.359290	2.315842	2.057000	0.800391	2.178302	2.482438	0.111803	2.201278	1.513481	2.900000	1.450216	0.890225	
1.011496	1.383158	1.590794	1.431127	1.000625	0.459619	0.831039	0.357946	0.838153	0.964689	0.691466	0.416083	1.195042	0.254951	1.484082	1.402007	0.610328	1.336273	0.903120	0.680074	0.915492	1.075291	0.753741	0.877852	1.679472	1.414655	0.492443	1.255239	1.298075	0.760345	
0.141421	2.245273	2.126323	1.456022	1.122776	1.421487	1.629801	0.894427	0.505594	0.382426	1.755349	1.277693	1.706605	1.015197	0.378319	1.662077	1.750179	2.392958	1.957358	1.290591	2.065490	1.085415	0.800000	1.758551	1.972942	2.563811	0.695072	1.756417	0.548293	1.346291	
0.460977	2.132194	2.177441	1.691892	0.594243	0.945053	1.525205	0.471699	0.689656	0.190394	1.502082	1.104536	1.746425	0.803508	0.926350	1.812457	1.420607	2.150872	1.476906	0.752080	1.667708	1.282819	0.250000	1.234909	2.127205	2.200142	0.564026	1.209339	1.007782	1.315295	
1.665083	0.908983	1.366108	1.600781	1.578171	0.781425	0.649038	1.030776	1.410009	1.646587	0.190394	0.604152	1.106797	0.795692	2.107279	1.431782	0.103078	0.679154	0.778621	1.152443	0.431567	1.377725	1.408013	1.029563	1.615549	0.776611	1.113833	1.597655	1.839327	0.851469	
1.590008	1.814008	2.209779	2.196161	0.936082	0.325960	1.432873	0.838525	1.550806	1.397542	1.060955	1.119431	1.870328	1.030776	2.088061	2.130874	0.806226	1.515957	0.313249	0.494975	0.725000	1.851013	0.991527	0.125000	2.380257	1.245492	1.200000	0.711073	2.005617	1.479231	
2.528463	1.231107	1.870328	2.368148	2.232991	1.419947	1.388569	1.835245	2.290196	2.471462	0.995301	1.479231	1.781327	1.671077	2.983287	2.134391	0.921954	0.673146	1.035917	1.773415	0.648556	2.215006	2.165208	1.417965	2.227246	0.106066	1.984943	2.007642	2.718915	1.668270	
1.241219	1.715554	2.020056	1.901480	0.745822	0.079057	1.241219	0.485412	1.200000	1.068000	0.958188	0.866386	1.644878	0.715891	1.739253	1.870328	0.751665	1.525000	0.596343	0.300000	0.850368	1.536636	0.689656	0.427931	2.140823	1.398660	0.851469	0.805062	1.653028	1.222957	
1.491015	0.831039	1.185591	1.352082	1.557241	0.827647	0.425000	0.937083	1.202601	1.513481	0.125000	0.375000	0.883530	0.617454	1.909516	1.195042	0.285044	0.771767	0.964689	1.171004	0.676849	1.128051	1.333464	1.152443	1.397542	1.006231	0.936082	1.677982	1.615936	0.600521	
1.526843	0.860233	0.502494	0.480885	2.139655	1.651704	0.559017	1.449569	1.126111	1.735655	1.019804	0.816241	0.145774	1.020110	1.722099	0.226385	1.257229	1.312440	1.924188	1.895554	1.637834	0.577170	1.800347	2.046033	0.459619	1.831154	1.147007	2.475126	1.288652	0.459619	
2.298097	0.552268	1.201041	1.805893	2.306648	1.500208	0.890225	1.741049	1.980057	2.330772	0.696419	1.158123	1.185854	1.431127	2.690376	1.535008	0.826514	0.050000	1.346291	1.875000	0.873212	1.740869	2.128673	1.679658	1.579953	0.648556	1.745888	2.275137	2.351197	1.206752	
1.534805	1.911969	2.283774	2.225000	0.820061	0.335410	1.503537	0.800391	1.526843	1.323112	1.153527	1.165386	1.930835	1.044629	2.031317	2.177298	0.906228	1.632674	0.436606	0.395285	0.850368	1.866815	0.905884	0.103078	2.436314	1.372953	1.181630	0.594243	1.975158	1.525819	
1.875000	0.246221	0.594243	1.140449	2.177441	1.487027	0.378319	1.510174	1.504161	1.990760	0.620987	0.800391	0.515388	1.100000	2.191461	0.862047	0.884590	0.661910	1.574206	1.820027	1.179248	1.131923	1.908042	1.805028	0.926350	1.231361	1.364734	2.338402	1.802776	0.660019	
1.435705	2.015564	2.350532	2.229630	0.656220	0.375000	1.570032	0.735697	1.467353	1.202082	1.253994	1.202601	1.980215	1.041933	1.927596	2.205958	1.020110	1.767767	0.604152	0.261008	1.004988	1.856239	0.775403	0.247487	2.477146	1.534805	1.133854	0.480885	1.904107	1.559247	
1.009022	1.275980	1.454519	1.297353	1.123054	0.592663	0.704006	0.450694	0.782624	1.007782	0.626997	0.279508	1.055047	0.158114	1.460308	1.261200	0.602080	1.276959	1.000312	0.820061	0.950329	0.951972	0.850368	1.007782	1.538059	1.418185	0.460977	1.396648	1.234909	0.618971	
1.786757	1.219119	0.617454	0.403113	2.550123	2.136147	1.061249	1.876832	1.402007	2.048475	1.521923	1.303840	0.608276	1.468205	1.851520	0.291548	1.762988	1.739612	2.429249	2.352791	2.140385	0.784618	2.191461	2.538700	0.212132	2.300136	1.525819	2.939813	1.402007	0.943398	
1.711724	2.118077	2.511225	2.459675	0.875000	0.570636	1.732412	1.004988	1.736555	1.473516	1.366108	1.400893	2.163909	1.276959	2.202981	2.412986	1.110462	1.803122	0.525595	0.534439	0.990581	2.098362	1.044031	0.180278	2.670674	1.475847	1.397542	0.452769	2.177298	1.761391	
1.550806	1.690044	2.085965	2.089258	0.983933	0.261008	1.310057	0.790569	1.482608	1.380670	0.936082	1.006231	1.750000	0.937083	2.048322	2.015564	0.682367	1.402230	0.285044	0.527376	0.629484	1.752320	0.992472	0.250000	2.261084	1.164313	1.129436	0.824621	1.941166	1.364734	
0.152069	2.055633	2.007642	1.431127	0.919239	1.142366	1.437228	0.614919	0.413824	0.235850	1.513481	1.053862	1.578171	0.772172	0.649038	1.590008	1.488707	2.158848	1.677982	1.027740	1.792519	1.030776	0.564026	1.485976	1.906076	2.298369	0.459619	1.525000	0.682825	1.179248	
1.653217	0.477624	0.765261	1.103687	1.922563	1.243483	0.160078	1.256234	1.297112	1.750893	0.416083	0.550568	0.527376	0.851469	1.998124	0.875000	0.680074	0.707549	1.375000	1.569235	1.021335	1.005609	1.654728	1.578171	1.020110	1.181630	1.128051	2.096575	1.632483	0.477624	
0.176777	1.964688	1.905912	1.330883	0.983933	1.130542	1.346291	0.601041	0.313249	0.335410	1.442221	0.972754	1.476906	0.700446	0.660019	1.487027	1.432000	2.083867	1.662077	1.050298	1.750000	0.929045	0.617454	1.492062	1.803122	2.245690	0.381608	1.570430	0.625000	1.082243	
0.460977	1.746783	1.765290	1.312440	0.901734	0.867828	1.131923	0.350000	0.388104	0.480885	1.175266	0.728011	1.334166	0.436606	0.939747	1.408900	1.150272	1.822430	1.391492	0.848896	1.465009	0.903120	0.531507	1.251000	1.721918	1.962301	0.152069	1.411559	0.825000	0.905539	
1.375682	1.296630	0.840387	0.050000	2.177872	1.844756	0.933408	1.523975	0.995301	1.643548	1.375227	1.044031	0.583095	1.144825	1.450216	0.291548	1.582127	1.741049	2.201420	2.020056	1.978952	0.381608	1.811767	2.259425	0.552268	2.231731	1.150272	2.610077	1.000312	0.707107	
1.909516	1.025914	1.565248	1.875167	1.692077	0.867828	0.905539	1.227294	1.677982	1.860108	0.450000	0.886707	1.353237	1.055047	2.366036	1.690044	0.305164	0.632456	0.670820	1.241219	0.212132	1.662265	1.576785	1.000625	1.851013	0.512957	1.366794	1.598828	2.114976	1.131923	
1.746425	1.645068	2.096724	2.184033	1.187697	0.458939	1.338376	0.984886	1.652460	1.587844	0.919918	1.092016	1.792345	1.075000	2.242348	2.081466	0.654313	1.296630	0.079057	0.735272	0.480885	1.870328	1.204159	0.350000	2.307054	0.986471	1.299279	0.951315	2.113203	1.439618	
1.879661	1.980057	2.429635	2.475505	1.131923	0.625500	1.665270	1.134956	1.850676	1.671264	1.255239	1.388569	2.114976	1.323820	2.376973	2.392828	0.989949	1.611870	0.313249	0.738241	0.784618	2.140385	1.252248	0.246221	2.628807	1.227294	1.500000	0.721543	2.304886	1.744456	
1.754459	2.426546	2.788032	2.663292	0.776209	0.813941	2.007019	1.132751	1.851013	1.475847	1.668270	1.644878	2.421905	1.476906	2.225140	2.647286	1.419947	2.129114	0.853302	0.617454	1.319327	2.282542	1.050298	0.498121	2.919439	1.800000	1.536636	0.160078	2.265226	2.001406	
0.201556	1.986989	1.851520	1.193995	1.208305	1.334166	1.375909	0.809707	0.237171	0.512957	1.540495	1.050298	1.432873	0.816241	0.496236	1.389469	1.565647	2.165208	1.858259	1.277204	1.908042	0.813941	0.845946	1.708984	1.701654	2.381701	0.506211	1.800868	0.395285	1.083109	
2.011219	0.645174	1.233390	1.686713	1.980688	1.176063	0.711512	1.423025	1.715554	2.023919	0.395285	0.884590	1.101136	1.137157	2.425000	1.453444	0.500625	0.276134	1.063602	1.550202	0.605186	1.554228	1.806931	1.375682	1.562850	0.600521	1.456237	1.964688	2.112611	1.006231	
2.205958	0.250000	0.900000	1.554429	2.353322	1.583706	0.721110	1.733854	1.857586	2.280351	0.701783	1.075291	0.928036	1.370447	2.559907	1.267379	0.910014	0.316228	1.526434	1.948236	1.070047	1.538871	2.132194	1.825171	1.286954	0.942404	1.668270	2.403383	2.190462	1.035012	
1.372953	2.387729	2.658242	2.413504	0.357946	0.740355	1.889775	0.851469	1.520896	1.077613	1.631334	1.484082	2.261084	1.258223	1.827738	2.441823	1.417965	2.182029	1.027740	0.391312	1.435705	2.015099	0.667083	0.650000	2.733587	1.966119	1.241219	0.300000	1.906076	1.820027	
0.565685	2.632727	2.453824	1.702939	1.402007	1.823630	2.023919	1.303840	0.883530	0.711512	2.175144	1.691892	2.050000	1.437228	0.261008	1.952562	2.174425	2.808247	2.360350	1.652460	2.487217	1.383158	1.140175	2.136001	2.250000	2.987997	1.117195	2.055480	0.704006	1.726992	
0.711073	1.416201	1.333464	0.866386	1.347683	1.098294	0.805062	0.700446	0.335410	0.887764	1.015197	0.520216	0.903120	0.400000	1.040433	0.950329	1.096586	1.613420	1.550202	1.209339	1.478386	0.465027	0.985203	1.515957	1.264170	1.895059	0.320156	1.796698	0.721110	0.515388	
1.693554	0.626997	1.068000	1.383158	1.779396	1.027740	0.400780	1.163239	1.382932	1.732231	0.134629	0.555090	0.838525	0.827647	2.093442	1.179248	0.390512	0.561805	1.079641	1.382932	0.705780	1.221167	1.559848	1.317431	1.336273	0.903466	1.141271	1.868321	1.773415	0.673146	
1.231107	1.604875	1.910007	1.811250	0.834416	0.079057	1.130542	0.469707	1.154340	1.085415	0.848896	0.761988	1.538059	0.632456	1.726992	1.770064	0.650000	1.425877	0.594243	0.403113	0.784618	1.454734	0.735272	0.498121	2.036695	1.330883	0.801561	0.915492	1.612452	1.120547	
1.204159	2.201420	2.452805	2.202272	0.301040	0.575000	1.688564	0.640312	1.323112	0.928036	1.451293	1.277693	2.052438	1.046721	1.675746	2.229910	1.252248	2.025154	0.951972	0.201556	1.315770	1.805028	0.500000	0.602080	2.522400	1.858259	1.033501	0.474342	1.722099	1.610124	
2.109502	1.495410	2.046033	2.308679	1.634205	0.866386	1.364276	1.360147	1.954642	1.987775	0.903466	1.253994	1.820027	1.336273	2.595790	2.147673	0.676849	1.035012	0.395285	1.179248	0.285044	2.053807	1.627882	0.776209	2.324328	0.577170	1.611870	1.358308	2.411561	1.553222	
1.965006	0.710634	1.281601	1.697425	1.908042	1.100284	0.715891	1.360606	1.679472	1.967867	0.353553	0.849264	1.125278	1.090011	2.387075	1.475212	0.427931	0.350000	0.986154	1.475000	0.531507	1.546165	1.741049	1.296630	1.598828	0.583631	1.410009	1.885802	2.085216	0.998123	
1.858259	1.078483	1.600195	1.875667	1.619027	0.794512	0.916856	1.165386	1.637834	1.800174	0.456207	0.862047	1.370447	1.012423	2.320022	1.701654	0.269258	0.704006	0.604669	1.167262	0.167705	1.648105	1.509346	0.927699	1.873666	0.566789	1.320038	1.525000	2.079663	1.126111	
1.377044	2.500000	2.753634	2.477146	0.328824	0.859142	1.990603	0.919918	1.556639	1.068878	1.746425	1.578369	2.350798	1.340009	1.814008	2.519176	1.538059	2.304886	1.154340	0.498121	1.562850	2.074398	0.682825	0.775403	2.815360	2.093591	1.296389	0.348210	1.922401	1.906895	
2.146654	0.090139	0.577170	1.305038	2.441823	1.726992	0.654313	1.781327	1.770946	2.266743	0.838525	1.075000	0.689656	1.375227	2.449745	0.999062	1.089151	0.642748	1.757306	2.071533	1.326885	1.360147	2.180166	2.019437	0.976281	1.264911	1.640503	2.572086	2.049695	0.925000	
1.021335	1.468205	1.130542	0.371652	1.875167	1.645068	0.973717	1.256234	0.651920	1.299279	1.353006	0.926350	0.776611	0.934077	1.104536	0.604669	1.513275	1.831154	2.062311	1.767767	1.913276	0.127475	1.502706	2.064128	0.900347	2.245273	0.860233	2.353853	0.657647	0.673146	
0.328824	1.829105	1.700184	1.073837	1.234909	1.258968	1.218862	0.750417	0.079057	0.596343	1.396648	0.903120	1.278916	0.686477	0.637377	1.250250	1.435705	2.015099	1.770770	1.245492	1.789728	0.680074	0.862047	1.650189	1.564649	2.250000	0.395285	1.794610	0.425735	0.925000	
0.745822	1.852701	1.996246	1.663205	0.570636	0.561805	1.274755	0.127475	0.783023	0.570088	1.167262	0.843356	1.576785	0.561805	1.243232	1.715007	1.053862	1.806931	1.097725	0.456207	1.280625	1.261200	0.276134	0.892328	2.017734	1.816762	0.485412	1.017964	1.206493	1.129712	
1.305038	0.814325	0.872138	0.876427	1.694476	1.131923	0.201556	1.004054	0.939415	1.428504	0.555090	0.305164	0.477624	0.570088	1.637834	0.738664	0.756637	1.046721	1.402007	1.400893	1.152443	0.682825	1.388569	1.520074	0.980115	1.439184	0.801561	1.968661	1.274755	0.134629	
2.285963	0.925000	1.554228	2.044658	2.110095	1.285496	1.068000	1.634205	2.020210	2.260669	0.700446	1.195042	1.455378	1.414655	2.723279	1.808487	0.686477	0.381608	1.015197	1.657181	0.550568	1.903943	1.992643	1.378632	1.904107	0.254951	1.733854	1.980688	2.435416	1.355775	
0.673146	2.542759	2.287056	1.482608	1.656804	1.960867	1.955920	1.431127	0.849264	0.925000	2.175000	1.679472	1.908042	1.465009	0.176777	1.760149	2.215006	2.782198	2.493116	1.845603	2.559907	1.217580	1.352082	2.310438	2.040374	3.030264	1.158123	2.301223	0.506211	1.643358	
2.545830	0.851469	1.500833	2.121615	2.446554	1.623461	1.192686	1.936814	2.248472	2.550000	0.930054	1.418185	1.502082	1.671264	2.958568	1.851013	0.989002	0.335410	1.364734	1.997655	0.901388	2.045880	2.308950	1.729523	1.888452	0.485412	1.990760	2.331577	2.636878	1.505407	
1.852363	1.415980	1.913766	2.100298	1.421487	0.625000	1.188486	1.105102	1.700184	1.735655	0.738241	1.025305	1.648105	1.085415	2.338402	1.961186	0.482830	1.030776	0.269258	0.962094	0.206155	1.825000	1.386092	0.625500	2.160150	0.721543	1.355775	1.227294	2.158269	1.343968	
0.640800	1.800174	1.905420	1.538059	0.680074	0.650000	1.206493	0.125000	0.649038	0.515388	1.147007	0.776611	1.480920	0.480885	1.138530	1.601757	1.063602	1.794610	1.185591	0.588430	1.325943	1.133578	0.340037	1.007782	1.908042	1.850676	0.355317	1.152443	1.077613	1.035917	
1.063602	1.068878	1.142366	0.980434	1.421487	0.922293	0.452769	0.728869	0.730154	1.159741	0.610328	0.127475	0.728869	0.292617	1.440703	0.925338	0.721543	1.210372	1.274755	1.152443	1.118034	0.675000	1.109617	1.330883	1.202601	1.498541	0.534439	1.732412	1.125000	0.285044	
2.139655	0.482830	1.113833	1.668270	2.176293	1.380670	0.735272	1.594718	1.820027	2.177298	0.546008	0.999062	1.055047	1.274755	2.530316	1.407347	0.701783	0.125000	1.275000	1.752855	0.811249	1.587844	1.985730	1.589222	1.475000	0.697316	1.588238	2.177298	2.192031	1.050298	
1.592561	0.961769	1.390144	1.579953	1.501874	0.711073	0.650000	0.951972	1.345595	1.569235	0.212132	0.553399	1.109617	0.726722	2.039148	1.425219	0.055902	0.756637	0.750000	1.079641	0.450000	1.340009	1.329003	0.977880	1.622113	0.840015	1.043132	1.536636	1.779923	0.825379	
1.873833	1.068878	0.447214	0.530330	2.579365	2.112611	0.984886	1.895059	1.480076	2.118962	1.439618	1.277204	0.525595	1.472455	1.975633	0.302076	1.690599	1.603122	2.370654	2.352791	2.055480	0.867828	2.229630	2.505244	0.035355	2.180166	1.566246	2.934493	1.525819	0.919918	
0.581485	1.736555	1.516781	0.814325	1.511622	1.450862	1.155692	0.976281	0.257391	0.875000	1.421487	0.930390	1.116076	0.794512	0.711512	1.026219	1.510381	1.997655	1.935362	1.487027	1.890271	0.450000	1.137157	1.858259	1.333464	2.307054	0.579871	2.051981	0.318198	0.840015	
1.792519	2.549142	2.900970	2.752839	0.778621	0.925338	2.120289	1.207528	1.913766	1.501874	1.789728	1.750179	2.529452	1.570032	2.252221	2.746930	1.543535	2.256241	0.980115	0.694622	1.446764	2.366696	1.085415	0.625000	3.023347	1.925162	1.610124	0.125000	2.316247	2.104311	
2.281036	1.021335	1.643358	2.104311	2.057000	1.233390	1.122776	1.608765	2.030394	2.240675	0.726722	1.213724	1.525819	1.415980	2.728095	1.877665	0.672681	0.485412	0.930390	1.600781	0.477624	1.945829	1.956559	1.300240	1.985101	0.176777	1.732772	1.901480	2.454588	1.399330	
0.784618	1.625769	1.769357	1.480076	0.794512	0.530330	1.044330	0.103078	0.700000	0.700446	0.958188	0.612883	1.353006	0.335410	1.274755	1.507689	0.874643	1.604875	1.051487	0.583095	1.150272	1.089151	0.500625	0.926350	1.805028	1.667708	0.353553	1.171804	1.154340	0.905884	
0.605186	1.983053	1.710263	0.925338	1.632674	1.677982	1.415980	1.177391	0.450694	0.930054	1.691892	1.200521	1.332760	1.051487	0.525000	1.187960	1.777815	2.263846	2.178302	1.672760	2.154066	0.640800	1.267379	2.075151	1.476906	2.576941	0.803508	2.215006	0.075000	1.098294	
0.735272	2.015099	1.700184	0.880696	1.767060	1.800694	1.468205	1.305996	0.575543	1.060955	1.770770	1.285739	1.342805	1.158123	0.588430	1.164313	1.871163	2.323924	2.294695	1.804508	2.253470	0.651920	1.402007	2.201278	1.438967	2.661766	0.925338	2.349069	0.176777	1.150272	
2.128673	0.158114	0.502494	1.245492	2.456751	1.756595	0.650000	1.789204	1.748035	2.258871	0.874643	1.077613	0.637377	1.375909	2.419323	0.936082	1.130542	0.715891	1.806239	2.095382	1.382932	1.317431	2.186607	2.059430	0.903466	1.336273	1.631908	2.605043	2.013237	0.903466	
1.645068	0.782624	1.220656	1.475212	1.650189	0.879275	0.509902	1.061249	1.362213	1.655295	0.050000	0.535023	0.965013	0.770146	2.068363	1.294701	0.230489	0.632456	0.921954	1.241219	0.570088	1.274019	1.451293	1.158123	1.471819	0.850368	1.090011	1.713549	1.775704	0.735697	
2.247360	0.400780	1.050298	1.677982	2.325134	1.535008	0.795692	1.730787	1.913766	2.300679	0.682367	1.107079	1.053862	1.392839	2.621545	1.399330	0.855862	0.167705	1.431127	1.905912	0.964689	1.635925	2.125000	1.747319	1.432873	0.794512	1.700735	2.335193	2.267157	1.113833	
0.482830	1.766529	1.582127	0.910014	1.407569	1.375227	1.171804	0.887764	0.158114	0.770146	1.405569	0.910014	1.171804	0.743303	0.670820	1.107079	1.476482	1.999531	1.870328	1.394633	1.848141	0.530330	1.033501	1.777815	1.417965	2.281721	0.500000	1.954642	0.335410	0.862047	
0.378319	2.303394	2.104311	1.355775	1.402230	1.660196	1.702388	1.130542	0.570088	0.661910	1.892254	1.399330	1.703856	1.171537	0.141421	1.601757	1.920937	2.510603	2.191603	1.557241	2.260669	1.032594	1.076162	2.015099	1.900164	2.737015	0.860233	2.034853	0.364005	1.397542	
1.835245	1.220912	1.727896	1.957837	1.518223	0.696419	1.020110	1.114955	1.643548	1.752320	0.561805	0.908639	1.478386	1.017964	2.308950	1.800868	0.325960	0.845946	0.458939	1.061249	0.090139	1.706605	1.436358	0.789383	1.986989	0.626498	1.311964	1.389469	2.094338	1.202341	
0.145774	1.978004	1.902630	1.308148	1.028652	1.178187	1.360147	0.649038	0.292617	0.360555	1.470544	0.995615	1.475212	0.730154	0.614919	1.473516	1.467353	2.109502	1.708801	1.100284	1.790251	0.910014	0.664267	1.541509	1.789204	2.282132	0.410030	1.619027	0.577170	1.089151	
0.360555	2.363525	2.335862	1.746425	0.800391	1.265158	1.746783	0.781025	0.735272	0.145774	1.779396	1.346291	1.905912	1.051487	0.691466	1.916377	1.719920	2.429249	1.796176	1.053862	1.982738	1.352082	0.538516	1.543535	2.232151	2.510603	0.760345	1.450862	0.903120	1.500833	
1.343968	1.931321	2.250000	2.118077	0.638847	0.279508	1.470544	0.629484	1.361295	1.123610	1.170470	1.096016	1.875167	0.930390	1.838648	2.096724	0.946375	1.706605	0.610328	0.195256	0.970824	1.744456	0.704450	0.302076	2.369863	1.511001	1.025000	0.575543	1.801562	1.451293	
2.017734	1.382932	1.923538	2.182029	1.599414	0.805062	1.236932	1.277204	1.848141	1.910497	0.776209	1.131923	1.693000	1.226020	2.499625	2.020210	0.550568	0.943398	0.400000	1.140449	0.158114	1.930835	1.565647	0.778621	2.198010	0.555090	1.509346	1.375227	2.302851	1.426972	
0.941077	1.786232	1.421487	0.583631	1.913766	1.817278	1.282819	1.367708	0.660492	1.255239	1.638788	1.182423	1.090011	1.125278	0.883883	0.877852	1.776584	2.142574	2.275000	1.881821	2.172125	0.430116	1.539683	2.231731	1.142639	2.534758	0.965013	2.452167	0.443001	0.973717	
0.555090	1.574206	1.478386	0.945053	1.273283	1.127497	0.962094	0.673146	0.180278	0.752080	1.150272	0.654313	1.050298	0.474342	0.890225	1.068000	1.209339	1.760859	1.609542	1.188486	1.578963	0.535023	0.901734	1.538059	1.384061	2.017734	0.269258	1.766529	0.604152	0.673146	
1.972942	0.928036	0.285044	0.680074	2.620234	2.103717	0.936082	1.929378	1.574206	2.201420	1.375227	1.274755	0.494975	1.497707	2.107279	0.400000	1.634205	1.475212	2.324059	2.366036	1.982738	0.976281	2.280899	2.483948	0.141421	2.068363	1.625000	2.939813	1.659254	0.930054	
1.360606	0.764853	0.901388	0.975320	1.683931	1.079641	0.150000	1.000625	1.007782	1.463728	0.452769	0.285044	0.535023	0.577170	1.712637	0.822344	0.661910	0.955249	1.320038	1.367708	1.054751	0.784618	1.393287	1.456451	1.047020	1.336273	0.838525	1.925162	1.361295	0.237171	
2.554408	1.027740	1.676678	2.246108	2.366036	1.542117	1.286954	1.903943	2.282132	2.531057	0.957209	1.453444	1.637834	1.681703	2.987578	1.990603	0.956883	0.475657	1.225255	1.910007	0.785016	2.135562	2.259425	1.600781	2.052438	0.292617	2.001406	2.200000	2.690376	1.588238	
2.475505	0.903120	1.551813	2.126764	2.334791	1.510381	1.173936	1.844756	2.192031	2.465385	0.866386	1.361295	1.515957	1.600781	2.900000	1.868321	0.894427	0.350892	1.234150	1.882817	0.775000	2.025154	2.209779	1.601757	1.927596	0.355317	1.920937	2.203548	2.592778	1.479231	
0.850368	1.342805	1.175000	0.654313	1.559247	1.281113	0.761988	0.910014	0.450000	1.068000	1.062132	0.594243	0.753741	0.570088	1.096586	0.752080	1.188486	1.611094	1.704589	1.415097	1.583706	0.257391	1.195042	1.700184	1.068000	1.957358	0.531507	2.003902	0.710634	0.445112	
2.160006	1.317431	1.894235	2.225000	1.779396	0.977880	1.256234	1.432000	1.967867	2.068363	0.800391	1.212693	1.701654	1.341641	2.634862	2.040374	0.618466	0.832541	0.577170	1.320038	0.235850	2.001562	1.735115	0.958188	2.195023	0.375832	1.637834	1.551813	2.416609	1.478386	
0.304138	2.271838	2.093144	1.364734	1.328768	1.589222	1.666208	1.059481	0.527376	0.588430	1.841535	1.350926	1.686713	1.114955	0.201556	1.600000	1.862961	2.465005	2.121615	1.482608	2.198010	1.026219	1.001249	1.941649	1.902630	2.679202	0.800391	1.960230	0.391312	1.365650	
0.575543	2.000625	2.088061	1.667708	0.550568	0.770146	1.403567	0.302076	0.707549	0.360555	1.346291	0.975320	1.660196	0.676849	1.064483	1.758195	1.252248	1.992486	1.303840	0.604669	1.491643	1.258223	0.176777	1.075291	2.069118	2.025617	0.493077	1.109617	1.085415	1.219119	
0.406971	2.336798	2.133219	1.378632	1.422146	1.691892	1.736555	1.162164	0.605186	0.682367	1.927596	1.434617	1.734395	1.206752	0.106066	1.628074	1.956080	2.545707	2.223876	1.584692	2.295240	1.060660	1.100284	2.044658	1.925000	2.772183	0.895126	2.057456	0.382426	1.431127	
0.512957	1.672760	1.692077	1.256234	0.955249	0.855862	1.057414	0.357946	0.375832	0.555090	1.110462	0.656220	1.261200	0.369121	0.977880	1.342805	1.096016	1.755883	1.370447	0.869626	1.421487	0.848528	0.590021	1.250250	1.654728	1.910497	0.079057	1.442437	0.828402	0.831039	
2.228508	0.984886	1.600781	2.050914	2.019437	1.195042	1.068878	1.560849	1.975633	2.191461	0.670820	1.158123	1.475212	1.362213	2.674065	1.826540	0.620987	0.460977	0.912414	1.564649	0.450000	1.890271	1.912132	1.277204	1.938105	0.230489	1.679472	1.879162	2.399088	1.343968	
1.686157	1.865643	2.281036	2.288695	0.995615	0.425735	1.507689	0.937083	1.650757	1.487658	1.120547	1.207528	1.950160	1.128051	2.184033	2.217121	0.860233	1.542117	0.279508	0.570088	0.731864	1.947113	1.076162	0.103078	2.461834	1.231361	1.300000	0.700446	2.105350	1.566246	
0.863496	1.261200	1.274019	0.964689	1.311964	0.933408	0.642748	0.625000	0.531507	0.976281	0.797261	0.301040	0.845946	0.223607	1.241974	0.976281	0.873212	1.410009	1.352082	1.101136	1.257229	0.601041	0.975000	1.352082	1.275980	1.672199	0.350000	1.690599	0.943398	0.406971	
1.554228	2.493116	2.794302	2.580819	0.525595	0.840387	2.019437	1.020110	1.700735	1.256234	1.732231	1.625000	2.405333	1.414214	2.005617	2.598678	1.504161	2.252360	1.035917	0.531507	1.475000	2.185463	0.848896	0.654313	2.885849	1.987775	1.415097	0.134629	2.088061	1.968661	
1.012423	2.397134	2.567343	2.196588	0.055902	0.862047	1.837457	0.696419	1.230091	0.697316	1.675187	1.408013	2.147673	1.132751	1.438967	2.274313	1.510174	2.286099	1.296630	0.503115	1.629801	1.787631	0.353553	0.955249	2.581182	2.177298	1.015197	0.707107	1.566246	1.700735	
1.142366	1.451293	1.063602	0.254951	1.998281	1.747319	0.998123	1.372953	0.776611	1.423464	1.402230	1.001249	0.743303	1.035917	1.200260	0.522015	1.578171	1.845603	2.149709	1.882319	1.978952	0.213600	1.626346	2.166218	0.801561	2.287056	0.980115	2.469818	0.750417	0.715891	
1.854218	0.770146	0.201556	0.665676	2.448724	1.909516	0.735272	1.755883	1.453444	2.064128	1.173936	1.085415	0.305164	1.320984	2.030394	0.347311	1.432655	1.302162	2.122646	2.180023	1.782730	0.883883	2.117339	2.285963	0.275000	1.883149	1.470544	2.749659	1.589025	0.750417	
1.662077	0.566789	0.437321	0.782624	2.130874	1.542927	0.355317	1.439618	1.270089	1.826540	0.794512	0.738241	0.158114	1.004054	1.922401	0.509902	1.051487	1.013040	1.741049	1.831154	1.407569	0.811249	1.820027	1.910497	0.632456	1.550202	1.206493	2.390084	1.509346	0.452769	
0.301040	2.260669	2.239001	1.666021	0.785016	1.185854	1.644118	0.689656	0.650000	0.055902	1.677982	1.243232	1.808487	0.948683	0.701783	1.827054	1.622498	2.327687	1.719920	0.996243	1.892254	1.267379	0.485412	1.480920	2.143158	2.416868	0.657647	1.425877	0.860233	1.400223	
2.295920	0.715891	1.358308	1.913439	2.223876	1.405569	0.961769	1.694476	1.999531	2.303259	0.680074	1.168867	1.304320	1.421487	2.709359	1.657181	0.752080	0.158114	1.202082	1.781327	0.728011	1.814008	2.071533	1.549597	1.725181	0.469707	1.740869	2.149709	2.391783	1.269350	
1.068000	1.051487	1.051487	0.845946	1.520691	1.054751	0.436606	0.828025	0.704450	1.200260	0.693271	0.251247	0.626997	0.395285	1.407569	0.797261	0.834416	1.255239	1.407347	1.273283	1.234150	0.552268	1.193995	1.464795	1.081954	1.589025	0.575543	1.856913	1.061249	0.182003	
0.257391	1.950000	1.802776	1.138530	1.252248	1.348379	1.341641	0.828402	0.201556	0.565685	1.520691	1.027740	1.386092	0.805062	0.512957	1.336507	1.555032	2.140093	1.868154	1.305996	1.903943	0.760345	0.886707	1.729523	1.648105	2.370258	0.503115	1.837457	0.357946	1.044629	
0.665676	2.401172	2.467919	1.976898	0.452769	1.070047	1.801562	0.691466	0.965013	0.340037	1.740869	1.375000	2.037308	1.075291	1.049405	2.104311	1.629801	2.383406	1.573412	0.785016	1.831154	1.569235	0.313249	1.275980	2.419323	2.375395	0.855132	1.107079	1.227294	1.603317	
1.219119	1.786757	2.080865	1.938105	0.673146	0.152069	1.303840	0.475657	1.202341	1.029563	1.030776	0.919918	1.700368	0.750417	1.717010	1.917355	0.826514	1.600000	0.640312	0.225000	0.919239	1.566246	0.637377	0.425735	2.192316	1.467353	0.859142	0.745822	1.650189	1.273283	
1.491643	0.637377	0.686477	0.863134	1.890271	1.293493	0.127475	1.202082	1.114955	1.626730	0.588430	0.492443	0.335410	0.770146	1.800174	0.657647	0.831039	0.951972	1.510381	1.582127	1.206752	0.765261	1.589025	1.665083	0.850000	1.417965	1.000312	2.140093	1.415318	0.269258	
1.258968	0.908983	0.794512	0.651920	1.789728	1.305038	0.369121	1.097725	0.867828	1.430472	0.778621	0.471699	0.364005	0.665676	1.533175	0.540833	0.980115	1.227294	1.612839	1.540495	1.377044	0.485412	1.457738	1.706605	0.813941	1.655483	0.818917	2.121320	1.137157	0.111803	
0.651920	1.500417	1.521923	1.133578	1.090011	0.853302	0.883883	0.430116	0.403887	0.728869	0.965013	0.492443	1.092016	0.230489	1.081954	1.192686	0.980115	1.603512	1.336507	0.939747	1.330883	0.735272	0.738241	1.265899	1.500833	1.796003	0.103078	1.526434	0.862047	0.657647	
0.364005	2.142720	2.157835	1.637834	0.687841	1.026219	1.530114	0.531507	0.625000	0.106066	1.536636	1.118034	1.726268	0.818917	0.826514	1.773415	1.470757	2.186607	1.560849	0.848896	1.733854	1.231107	0.350000	1.328533	2.089258	2.260669	0.550568	1.308625	0.916856	1.303840	
1.866815	1.776584	2.245273	2.342008	1.230091	0.577170	1.492062	1.106797	1.792519	1.690044	1.065950	1.250000	1.947434	1.226020	2.364450	2.238861	0.800391	1.398660	0.106066	0.795692	0.571183	2.026234	1.290349	0.335410	2.462214	1.025000	1.438967	0.905539	2.252360	1.597655	
1.425000	0.866386	0.600521	0.515388	2.015564	1.530523	0.475000	1.325000	1.025305	1.623461	0.930390	0.695072	0.182003	0.895126	1.645068	0.325000	1.158123	1.276959	1.815386	1.770946	1.545356	0.514782	1.677982	1.927596	0.583631	1.767767	1.027740	2.351197	1.221167	0.336341	
0.941077	2.316382	2.479037	2.107279	0.111803	0.807775	1.752320	0.608790	1.145098	0.632949	1.600195	1.322167	2.058671	1.044629	1.380670	2.184176	1.442654	2.217121	1.265158	0.465027	1.578963	1.698529	0.265754	0.938416	2.491109	2.127205	0.925338	0.750417	1.490386	1.611870	
0.625500	2.000000	2.102974	1.700368	0.512957	0.730154	1.408013	0.285044	0.750417	0.403113	1.334166	0.977880	1.676678	0.682367	1.113833	1.783606	1.231107	1.978004	1.261943	0.555090	1.460308	1.291559	0.145774	1.027740	2.093144	1.997029	0.520216	1.061249	1.133854	1.233390	
1.893575	1.078483	1.610318	1.900164	1.649242	0.824621	0.937083	1.200260	1.672199	1.835245	0.477624	0.893378	1.388569	1.047020	2.355048	1.722099	0.302076	0.687841	0.614919	1.196349	0.160078	1.677051	1.542927	0.946375	1.889610	0.531507	1.355083	1.545356	2.113350	1.152443	
1.725724	2.260669	2.638773	2.552082	0.816241	0.675463	1.858259	1.055047	1.784657	1.467353	1.505199	1.511001	2.282132	1.364734	2.209072	2.520045	1.252996	1.954002	0.676849	0.552268	1.142639	2.180883	1.035917	0.325000	2.784892	1.625192	1.456022	0.309233	2.214159	1.870328	
2.053807	0.500625	0.152069	0.976281	2.531057	1.906895	0.716327	1.842044	1.656804	2.230050	1.079641	1.132751	0.456207	1.408013	2.280351	0.656220	1.345362	1.057414	2.039148	2.214723	1.650947	1.138530	2.225562	2.250694	0.561805	1.667708	1.612452	2.759642	1.850000	0.859142	
1.442437	1.445035	0.941077	0.125000	2.298097	2.002811	1.107079	1.660008	1.081665	1.727896	1.550202	1.212693	0.738664	1.297112	1.457738	0.410030	1.756417	1.905420	2.370786	2.163331	2.153631	0.496236	1.927596	2.419323	0.594243	2.404423	1.274755	2.752839	1.011187	0.880696	
0.752080	1.601757	1.348379	0.640800	1.635925	1.492062	1.043132	1.053862	0.390512	1.033501	1.353006	0.877852	0.956883	0.800000	0.873212	0.850368	1.470544	1.898190	1.950160	1.569235	1.861619	0.276134	1.261200	1.907387	1.156774	2.247499	0.650000	2.146654	0.447214	0.725000	
0.390512	2.298097	2.298097	1.744276	0.704006	1.155692	1.684117	0.680074	0.726722	0.079057	1.694476	1.274755	1.866815	0.976281	0.781425	1.897367	1.625000	2.344408	1.685601	0.942404	1.879162	1.342805	0.427200	1.431782	2.213594	2.410005	0.700446	1.350000	0.950329	1.450862	
0.325000	1.880990	1.727896	1.068000	1.286954	1.336507	1.275000	0.825000	0.141421	0.620987	1.467353	0.972433	1.311726	0.763217	0.570088	1.262191	1.511622	2.081015	1.849493	1.315295	1.867652	0.686477	0.916856	1.725724	1.574206	2.325134	0.474342	1.858259	0.350000	0.975000	
1.185591	0.958188	1.085415	1.025000	1.486607	0.921954	0.350892	0.800391	0.855132	1.270089	0.493077	0.090139	0.691466	0.375832	1.565647	0.930390	0.629484	1.085415	1.226020	1.185854	1.029866	0.756637	1.191900	1.317431	1.187697	1.386542	0.649038	1.754459	1.245492	0.279508	
0.380789	2.422034	2.381439	1.773415	0.850368	1.335337	1.804508	0.851469	0.770146	0.215058	1.845603	1.408013	1.952562	1.114955	0.656220	1.952562	1.789029	2.495245	1.865811	1.119431	2.053351	1.384061	0.604152	1.610124	2.267708	2.580819	0.818917	1.503330	0.901734	1.553222	
2.477146	1.250000	1.882817	2.355048	2.163475	1.353006	1.372953	1.776584	2.246803	2.413504	0.965660	1.442654	1.776584	1.625000	2.936090	2.128673	0.875000	0.696419	0.961769	1.703856	0.583095	2.189892	2.101488	1.343968	2.231871	0.075000	1.936653	1.932938	2.679669	1.645068	
0.247487	2.245551	2.209072	1.622113	0.838525	1.213724	1.627882	0.707990	0.608790	0.100000	1.677051	1.233390	1.779396	0.942404	0.650481	1.789204	1.630376	2.325941	1.749286	1.037123	1.909188	1.226020	0.530330	1.518634	2.105053	2.429635	0.642748	1.476906	0.805062	1.377044	
0.167705	2.284869	2.175575	1.511001	1.089151	1.419947	1.668270	0.896172	0.552268	0.350892	1.782028	1.308864	1.754459	1.040433	0.400000	1.714825	1.769181	2.422421	1.956559	1.274755	2.077408	1.138530	0.776611	1.748035	2.026234	2.580940	0.721110	1.727896	0.602080	1.388569	
1.116356	1.100000	1.277693	1.185854	1.305038	0.730154	0.522015	0.629484	0.835539	1.154340	0.500000	0.106066	0.886707	0.246221	1.538059	1.116356	0.548293	1.141271	1.068878	0.991527	0.934077	0.876427	1.027740	1.131923	1.380670	1.352082	0.561805	1.559247	1.265158	0.465027	
2.142574	1.415318	1.980057	2.277197	1.710629	0.925338	1.319327	1.402007	1.969772	2.034853	0.859142	1.241219	1.770770	1.346291	2.623928	2.104311	0.651920	0.941077	0.485412	1.252996	0.251247	2.037462	1.686898	0.867828	2.270050	0.475657	1.632483	1.455378	2.423324	1.525000	
1.652460	1.007782	0.485412	0.381608	2.343608	1.890106	0.800391	1.660008	1.255488	1.889610	1.261200	1.055047	0.350892	1.239456	1.783606	0.075000	1.502082	1.505199	2.170397	2.121615	1.879661	0.651920	1.993897	2.288149	0.246221	2.050610	1.330883	2.705203	1.336507	0.695072	
1.913929	0.313249	0.845946	1.352082	2.087163	1.343968	0.442295	1.451938	1.569235	1.988875	0.450694	0.783023	0.740355	1.079352	2.274313	1.093446	0.694622	0.436606	1.364047	1.697793	0.945053	1.285010	1.851520	1.625000	1.179248	0.977880	1.375682	2.183031	1.914419	0.760345	
0.459619	2.127205	1.892749	1.127497	1.510174	1.652460	1.540292	1.131923	0.458939	0.782624	1.773415	1.277204	1.502082	1.085415	0.328824	1.380670	1.831154	2.371181	2.170829	1.601757	2.191461	0.818917	1.158123	2.032548	1.675187	2.642087	0.798827	2.118077	0.134629	1.227294	
2.016340	0.103078	0.632949	1.265158	2.285279	1.569235	0.515388	1.628074	1.648105	2.125000	0.682367	0.926350	0.638847	1.227294	2.336932	0.975000	0.936082	0.575000	1.611094	1.913439	1.190851	1.274755	2.027468	1.865643	1.002809	1.176860	1.500417	2.415186	1.948397	0.805062	
1.171004	1.308625	0.948683	0.247487	1.964211	1.657747	0.854400	1.315770	0.784618	1.431782	1.265899	0.883883	0.605186	0.950329	1.283793	0.425735	1.450216	1.700000	2.039608	1.816762	1.850676	0.167705	1.597263	2.075151	0.728869	2.146654	0.937083	2.406502	0.838525	0.579871	
1.290591	1.375000	0.939747	0.103078	2.121615	1.825171	0.976281	1.480076	0.917878	1.566246	1.405569	1.044330	0.660019	1.118034	1.350000	0.391312	1.600781	1.802256	2.201846	1.983053	2.000156	0.318198	1.752320	2.242348	0.654313	2.275137	1.096586	2.572572	0.900000	0.725000	
2.028854	0.212132	0.813941	1.398660	2.211476	1.463087	0.540833	1.576785	1.677982	2.110095	0.570088	0.903466	0.775403	1.201301	2.379732	1.123054	0.805062	0.403113	1.460308	1.819512	1.025914	1.364047	1.976424	1.733854	1.175266	0.995301	1.494364	2.298097	2.010752	0.855132	
0.285044	2.128967	2.121320	1.578369	0.766893	1.076162	1.513275	0.566789	0.561805	0.100000	1.543535	1.109617	1.690044	0.814325	0.753741	1.723731	1.491015	2.193171	1.612452	0.916856	1.767767	1.173936	0.425735	1.391492	2.039914	2.288695	0.527376	1.386092	0.838525	1.275245	
1.766529	1.550202	2.015099	2.134391	1.263428	0.496236	1.265158	1.007782	1.649242	1.625000	0.835539	1.044330	1.722099	1.054751	2.259425	2.019437	0.570088	1.193995	0.125000	0.806226	0.378319	1.833371	1.255239	0.450694	2.236767	0.892328	1.298075	1.052675	2.110095	1.384061	
1.030776	2.446681	2.613666	2.234390	0.090139	0.910014	1.885802	0.743303	1.261200	0.711512	1.725181	1.456022	2.193171	1.179248	1.446764	2.316247	1.559848	2.335862	1.338376	0.548293	1.676678	1.825000	0.390512	0.992472	2.623928	2.223876	1.055047	0.715891	1.587648	1.746425	
2.001406	0.550568	0.103078	0.905884	2.502249	1.895059	0.700446	1.811250	1.603122	2.184176	1.085415	1.107079	0.400780	1.375682	2.219234	0.585769	1.350926	1.102554	2.045880	2.195450	1.668270	1.075291	2.191033	2.246803	0.498121	1.706239	1.570032	2.746475	1.786757	0.818917	
1.485976	1.110462	0.648556	0.230489	2.215006	1.810041	0.800391	1.540495	1.092016	1.732231	1.256234	0.983933	0.403887	1.133578	1.607016	0.103078	1.480709	1.573412	2.127352	2.018044	1.870328	0.480885	1.858259	2.217121	0.406971	2.087163	1.192686	2.605883	1.159741	0.626997	
0.340037	1.779220	1.704589	1.144825	1.110180	1.110180	1.162164	0.600521	0.145774	0.529741	1.296389	0.811249	1.275980	0.566789	0.745822	1.288652	1.315770	1.927596	1.625000	1.098294	1.659254	0.738241	0.735272	1.500208	1.604875	2.131901	0.257391	1.653217	0.575543	0.887764	
0.704450	2.661766	2.425387	1.629801	1.625000	1.992643	2.067003	1.465009	0.941077	0.912414	2.263846	1.770946	2.039914	1.540495	0.230489	1.902958	2.288695	2.881406	2.528339	1.849493	2.621545	1.353006	1.343968	2.325134	2.186607	3.104936	1.226020	2.276236	0.642748	1.758195	
0.950329	1.252248	1.375909	1.173936	1.188486	0.715891	0.654313	0.498121	0.686477	0.989002	0.665676	0.225000	0.964689	0.079057	1.380670	1.150272	0.686477	1.308864	1.126111	0.919918	1.053862	0.824621	0.887764	1.132751	1.434617	1.500000	0.395285	1.503537	1.129712	0.520216	
0.158114	2.128673	2.082366	1.498332	0.893378	1.173936	1.510381	0.651920	0.482830	0.176777	1.578369	1.123610	1.653028	0.838525	0.632949	1.662077	1.546165	2.225140	1.710629	1.035917	1.841535	1.100284	0.552268	1.504161	1.978004	2.352791	0.529741	1.513275	0.716327	1.253994	
1.380670	1.170470	1.520691	1.570430	1.250250	0.482830	0.743303	0.704450	1.173936	1.331353	0.412311	0.480885	1.185854	0.548293	1.845434	1.465009	0.246221	1.011187	0.680074	0.838525	0.559017	1.275980	1.075291	0.813173	1.698897	1.043132	0.845946	1.330883	1.625000	0.822344	
0.880696	1.264170	1.156774	0.735272	1.500000	1.170470	0.665676	0.831039	0.491172	1.064483	0.939747	0.467039	0.726722	0.459619	1.175266	0.784618	1.061249	1.502706	1.582127	1.325236	1.456237	0.364005	1.144825	1.589222	1.095730	1.833712	0.480885	1.915235	0.813173	0.357946	
1.355775	1.625000	1.968661	1.913929	0.886002	0.070711	1.187697	0.594243	1.281113	1.200260	0.863496	0.845946	1.611094	0.745822	1.852363	1.858259	0.637377	1.402007	0.469707	0.431567	0.705780	1.566046	0.832541	0.391312	2.116158	1.253994	0.928036	0.872138	1.739612	1.206493	
12	16	20	
12	16	20	
12	16	20	
12	16	20	
12	16	20	
12	16	20	
12	16	20	
12	16	20	
12	16	20	
12	16	20	
12	16	20	
12	16	20	
12	16	20	
12	16	20	
12	16	20	
12	16	20	
12	16	20	
12	16	20	
12	16	20	
12	16	20	
12	16	20	
12	16	20	
12	16	20	
12	16	20	
12	16	20	
12	16	20	
12	16	20	
12	16	20	
12	16	20	
12	16	20	
12	18	24	
12	18	24	
12	18	24	
12	18	24	
12	18	24	
12	18	24	
12	18	24	
12	18	24	
12	18	24	
12	18	24	
12	18	24	
12	18	24	
12	18	24	
12	18	24	
12	18	24	
12	18	24	
12	18	24	
12	18	24	
12	18	24	
12	18	24	
12	18	24	
12	18	24	
12	18	24	
12	18	24	
12	18	24	
12	18	24	
12	18	24	
12	18	24	
12	18	24	
12	18	24	
1.000000	1.000000	1.000000	
1.000000	1.000000	1.000000	
1.000000	1.000000	1.000000	
1.000000	1.000000	1.000000	
1.000000	1.000000	1.000000	
1.000000	1.000000	1.000000	
1.000000	1.000000	1.000000	
1.000000	1.000000	1.000000	
1.000000	1.000000	1.000000	
1.000000	1.000000	1.000000	
1.000000	1.000000	1.000000	
1.000000	1.000000	1.000000	
1.000000	1.000000	1.000000	
1.000000	1.000000	1.000000	
1.000000	1.000000	1.000000	
1.000000	1.000000	1.000000	
1.000000	1.000000	1.000000	
1.000000	1.000000	1.000000	
1.000000	1.000000	1.000000	
1.000000	1.000000	1.000000	
1.000000	1.000000	1.000000	
1.000000	1.000000	1.000000	
1.000000	1.000000	1.000000	
1.000000	1.000000	1.000000	
1.000000	1.000000	1.000000	
1.000000	1.000000	1.000000	
1.000000	1.000000	1.000000	
1.000000	1.000000	1.000000	
1.000000	1.000000	1.000000	
1.000000	1.000000	1.000000	
0.200000
288