200
30
3
0.700000	0.800000	0.766667	0.600000	1.250000	0.200000	0.450000	0.916667	0.566667	0.266667	0.800000	0.233333	0.666667	1.266667	0.566667	0.216667	0.366667	1.433333	0.683333	1.533333	0.516667	0.700000	0.816667	0.400000	0.633333	0.866667	0.550000	0.216667	1.600000	0.516667	0.316667	0.483333	0.750000	1.633333	1.266667	0.200000	0.266667	0.816667	1.566667	0.350000	1.150000	1.016667	0.466667	0.850000	0.750000	1.000000	1.550000	1.166667	1.150000	0.366667	0.983333	1.316667	1.033333	0.216667	0.950000	1.300000	1.016667	1.383333	1.150000	1.500000	0.900000	0.800000	0.333333	0.566667	1.500000	0.800000	0.616667	1.633333	1.316667	0.183333	0.166667	1.000000	0.466667	0.483333	0.250000	0.833333	0.216667	0.833333	1.250000	1.433333	1.483333	1.150000	0.350000	0.983333	0.316667	1.033333	1.333333	1.300000	0.433333	0.716667	0.733333	0.283333	0.483333	0.716667	0.216667	1.133333	0.833333	0.850000	0.500000	1.100000	0.216667	1.316667	0.850000	1.016667	1.050000	0.233333	1.550000	0.750000	0.350000	1.583333	1.150000	0.766667	1.033333	1.383333	1.266667	0.733333	0.566667	0.933333	1.100000	0.533333	1.033333	0.733333	0.683333	1.133333	0.900000	1.633333	0.416667	1.500000	0.450000	1.333333	1.550000	0.200000	0.983333	0.650000	0.733333	0.733333	1.533333	1.433333	1.533333	0.750000	0.383333	1.033333	0.483333	0.450000	0.683333	1.166667	0.350000	1.300000	1.500000	1.250000	1.333333	1.166667	1.066667	0.916667	1.216667	0.583333	1.150000	1.166667	0.166667	1.233333	0.583333	0.750000	1.516667	0.216667	1.100000	1.483333	0.383333	0.400000	0.900000	0.916667	0.366667	1.500000	0.633333	1.383333	0.433333	0.600000	0.733333	0.433333	0.483333	0.183333	0.233333	1.100000	0.183333	0.666667	0.583333	1.283333	1.450000	0.983333	1.566667	0.316667	0.366667	0.966667	0.200000	1.516667	1.433333	0.200000	0.800000	1.516667	0.200000	0.683333	
1.402007	1.102554	1.542927	1.085415	0.375832	1.895059	1.213724	2.511598	1.767767	0.700446	0.860959	1.035012	2.258871	1.711176	0.500000	2.711319	2.079213	1.198176	1.722099	0.965013	2.338402	0.600000	2.411561	1.895059	2.059430	1.304320	0.654313	2.065944	2.003902	2.191603	
0.261008	0.400780	1.475847	0.753741	1.390144	0.776209	1.573412	1.862961	0.566789	1.609542	0.807775	0.335410	1.311964	0.991527	0.828402	2.263846	0.867828	0.025000	2.026234	1.106797	1.848141	0.707990	1.195042	1.533786	1.237942	1.945508	1.212693	1.463087	1.819512	1.026219	
1.269350	0.715017	0.919239	0.530330	0.500625	1.487658	0.686477	1.897367	1.578171	0.610328	1.134956	1.020110	1.731509	1.150000	0.783023	2.080415	1.761391	1.005609	1.206752	0.336341	1.710629	0.357946	2.094039	1.265158	1.500208	0.958188	1.166190	1.456022	1.379311	1.800347	
1.755349	1.109617	0.502494	0.772172	0.867828	1.714825	0.079057	1.650000	2.001406	0.696419	1.750893	1.582127	1.744456	1.166190	1.401116	1.683931	2.061553	1.487027	0.588430	0.388104	1.386092	0.952956	2.371181	0.950329	1.467353	0.515388	1.767060	1.265899	0.919239	2.016494	
2.105350	1.471394	0.413824	1.140175	1.660008	1.731509	0.782624	1.063602	2.233971	1.487027	2.360747	2.067758	1.480076	1.075291	2.062311	0.930390	2.119257	1.866815	0.570088	0.985203	0.743303	1.566246	2.363525	0.485412	1.206493	1.079641	2.476136	0.849264	0.190394	1.969772	
0.348210	0.807001	1.874166	1.138530	1.491015	1.153527	1.888452	2.311385	0.675000	1.767767	0.505594	0.230489	1.730065	1.442221	0.730154	2.713968	1.118034	0.437321	2.376184	1.428504	2.298097	0.893378	1.400893	1.973100	1.680216	2.208082	0.970824	1.913766	2.246108	1.343968	
0.515388	0.797261	1.683931	1.090011	1.938105	0.369121	1.934716	1.671264	0.291548	2.120289	1.336507	0.875357	0.970824	0.950329	1.414214	2.153195	0.279508	0.612883	2.307732	1.495410	1.760149	1.252996	0.608790	1.576785	1.027740	2.355048	1.775704	1.368622	1.908042	0.482830	
1.102554	1.402007	2.122646	1.648674	2.560518	0.675463	2.460310	1.750179	0.751665	2.725000	1.925162	1.485345	1.001249	1.308864	2.039608	2.275137	0.357946	1.243232	2.766880	2.053351	1.941166	1.878829	0.025000	1.899013	1.206752	2.899353	2.379732	1.594718	2.238443	0.403887	
0.701783	0.921954	1.899013	1.185327	1.244237	1.463087	1.806239	2.511225	1.052675	1.549597	0.125000	0.357946	2.003279	1.626730	0.425000	2.865855	1.480287	0.670820	2.319483	1.377725	2.452040	0.781425	1.775176	2.080415	1.910007	2.062311	0.588430	2.087163	2.314357	1.686713	
1.229837	1.204159	1.626730	1.328533	2.340539	0.436606	2.040221	1.125278	1.009022	2.437468	2.016340	1.542117	0.378319	0.816241	2.012616	1.650189	0.575543	1.236932	2.267157	1.699448	1.323820	1.708984	0.625500	1.333464	0.614919	2.490607	2.422034	0.998123	1.666208	0.291548	
1.744276	1.272792	0.843356	1.097725	2.025617	1.107079	1.364734	0.348210	1.734395	1.978952	2.280488	1.866313	0.673146	0.575543	2.095382	0.705780	1.475212	1.581139	1.389244	1.250250	0.304138	1.625000	1.648105	0.403887	0.450694	1.782730	2.545830	0.106066	0.671751	1.258968	
0.660019	0.625000	1.559848	0.853302	1.005609	1.286954	1.475847	2.221627	1.030776	1.285739	0.395285	0.285044	1.773415	1.340009	0.304138	2.551715	1.389469	0.500625	1.985101	1.039832	2.140823	0.450000	1.711176	1.755349	1.646587	1.755349	0.704006	1.787631	1.979425	1.550202	
0.070711	0.602080	1.675187	0.955249	1.538871	0.828025	1.772005	2.005305	0.436606	1.776584	0.781425	0.328824	1.405569	1.151629	0.893378	2.426546	0.825379	0.206155	2.227667	1.305038	2.012461	0.870704	1.131923	1.717010	1.366794	2.137317	1.225255	1.622113	2.010286	1.030776	
0.070711	0.618466	1.676678	0.970824	1.613420	0.742041	1.802776	1.948397	0.347311	1.841535	0.880696	0.427931	1.328768	1.109617	0.989002	2.381832	0.725431	0.250000	2.245551	1.337208	1.969772	0.937083	1.032594	1.692077	1.305038	2.180166	1.325236	1.576785	1.994054	0.934077	
2.173131	1.650757	0.917197	1.414214	2.215993	1.559848	1.422146	0.425735	2.183031	2.105053	2.647286	2.260669	1.093446	0.998123	2.422421	0.301040	1.926460	1.991231	1.274755	1.454519	0.150000	1.930835	2.087163	0.520216	0.900347	1.775000	2.867272	0.539676	0.525595	1.702939	
0.942404	1.020110	1.643358	1.213724	2.182888	0.223607	1.997655	1.348379	0.707990	2.314762	1.746425	1.274755	0.601041	0.828025	1.775176	1.860779	0.292617	0.980115	2.288149	1.610124	1.500208	1.521923	0.469707	1.423025	0.751665	2.441823	2.167516	1.134956	1.762988	0.090139	
1.280625	0.965660	1.098294	0.950000	1.977530	0.564026	1.544345	0.749166	1.211662	2.020210	1.934716	1.480076	0.261008	0.333542	1.829105	1.231107	0.925338	1.171537	1.732772	1.261200	0.851469	1.426753	1.109617	0.794119	0.103078	1.993897	2.271838	0.480885	1.129712	0.715891	
1.858259	1.299279	0.577170	1.044330	1.852363	1.330883	1.100284	0.583631	1.910497	1.760149	2.285005	1.913439	0.986154	0.704006	2.050610	0.675463	1.714825	1.657747	1.062132	1.084551	0.309233	1.557241	1.923051	0.145774	0.728869	1.492062	2.494118	0.347311	0.336341	1.528275	
1.480076	1.299279	1.456237	1.328768	2.358495	0.672681	1.923051	0.776611	1.315770	2.407930	2.214159	1.744276	0.127475	0.721543	2.153195	1.303840	0.916856	1.431127	2.074398	1.649242	1.004054	1.783606	0.980115	1.096586	0.403113	2.370654	2.585174	0.730154	1.410009	0.640800	
2.074398	1.480920	0.561805	1.187697	1.869826	1.590990	1.037123	0.760345	2.152324	1.732231	2.435416	2.094338	1.252996	0.950329	2.170829	0.649038	1.976898	1.858259	0.879275	1.136332	0.436606	1.671077	2.191033	0.325960	0.998123	1.375227	2.603483	0.614919	0.125000	1.796003	
2.245134	1.587648	0.570636	1.234150	1.425219	2.025154	0.536773	1.527457	2.438237	1.185591	2.334791	2.126323	1.874166	1.386768	1.992486	1.375227	2.403773	1.985101	0.103078	0.933408	1.209597	1.529706	2.679669	0.895126	1.590990	0.664267	2.360747	1.270089	0.656220	2.295240	
2.465385	1.833882	1.076162	1.505199	1.196349	2.443614	0.660019	2.160006	2.729469	0.879275	2.328358	2.249722	2.412986	1.862961	1.950641	2.026388	2.795644	2.196161	0.550568	1.107362	1.849493	1.589025	3.102116	1.490386	2.128673	0.276134	2.223876	1.856239	1.299279	2.740552	
1.190851	0.893378	1.113833	0.903120	1.932938	0.480885	1.539683	0.838525	1.123610	1.988875	1.852363	1.395081	0.300000	0.313249	1.755705	1.315770	0.850368	1.085415	1.754459	1.233390	0.930390	1.364734	1.051487	0.840387	0.190394	1.990289	2.196161	0.550568	1.179248	0.656220	
0.579871	0.886707	1.755705	1.175266	2.028084	0.388104	2.017734	1.691892	0.301040	2.210204	1.405569	0.950329	0.973717	1.004988	1.496036	2.183031	0.200000	0.697316	2.383537	1.581336	1.796176	1.342805	0.522015	1.631908	1.055047	2.440415	1.850000	1.408013	1.965960	0.437321	
2.050152	1.507689	1.229075	1.265158	0.530330	2.255272	0.711073	2.375526	2.371181	0.213600	1.728077	1.758195	2.404163	1.810559	1.346291	2.395047	2.550123	1.792519	1.055047	0.886707	2.112019	1.110180	2.880213	1.676678	2.140385	0.496236	1.550202	1.980688	1.625000	2.568195	
1.772005	1.209339	0.525595	0.955249	1.779220	1.262191	1.051190	0.625500	1.831154	1.697425	2.195023	1.823630	0.950329	0.625500	1.962301	0.761988	1.648105	1.569235	1.054751	1.007782	0.380789	1.469906	1.865811	0.075000	0.682367	1.456237	2.406502	0.318198	0.369121	1.470544	
1.899013	1.366108	0.701783	1.131923	1.969296	1.325000	1.225255	0.460977	1.927596	1.882817	2.362335	1.976898	0.929045	0.728011	2.140823	0.583631	1.702939	1.710629	1.175266	1.198176	0.190394	1.651704	1.892749	0.261008	0.691466	1.615743	2.586987	0.304138	0.430116	1.500417	
1.767767	1.154340	0.276134	0.850000	1.566246	1.367708	0.800000	0.878208	1.877665	1.461592	2.096575	1.764405	1.149184	0.711512	1.831154	0.939747	1.755349	1.540292	0.820061	0.811249	0.608276	1.331587	2.002811	0.182003	0.867828	1.201301	2.265226	0.548862	0.285044	1.610124	
0.269258	0.764853	1.838818	1.104536	1.515132	1.076162	1.874166	2.245273	0.600521	1.783606	0.577170	0.235850	1.655483	1.380670	0.776611	2.654360	1.039832	0.380789	2.354782	1.410895	2.238861	0.896172	1.325236	1.922401	1.611094	2.205816	1.039832	1.852363	2.201420	1.264911	
1.557442	1.020110	0.581485	0.805062	1.716464	1.039832	1.085415	0.656220	1.607016	1.675746	2.020210	1.629801	0.777817	0.400780	1.811767	0.925338	1.426753	1.364047	1.187697	0.941409	0.512957	1.331353	1.653217	0.237171	0.496236	1.518634	2.260669	0.225000	0.577170	1.258223	
1.488707	1.267379	1.372953	1.275245	2.303394	0.691466	1.845603	0.700000	1.345595	2.343608	2.202981	1.736555	0.090139	0.657647	2.126764	1.226020	0.965660	1.423464	1.987775	1.583706	0.917197	1.743022	1.051190	1.007782	0.325000	2.291970	2.563201	0.640312	1.320038	0.697316	
2.349069	1.700184	0.835539	1.355775	1.253994	2.250000	0.515388	1.889610	2.586745	0.964689	2.304886	2.170829	2.175144	1.644118	1.938105	1.750714	2.614025	2.081015	0.275000	0.982344	1.576587	1.526843	2.910004	1.229837	1.890106	0.353553	2.256241	1.600195	1.025000	2.538331	
0.919918	0.525595	1.209339	0.575543	0.695072	1.319327	1.077613	2.015564	1.261200	0.930054	0.752080	0.626997	1.693554	1.170470	0.445112	2.283774	1.523155	0.675463	1.590990	0.656220	1.885802	0.055902	1.858090	1.467353	1.511001	1.358538	0.884590	1.569235	1.650757	1.619027	
2.363525	1.837457	1.051190	1.592561	2.359158	1.743022	1.535008	0.538516	2.370786	2.229910	2.830746	2.448597	1.256234	1.188486	2.598678	0.152069	2.105350	2.180883	1.327121	1.608765	0.333542	2.104311	2.254994	0.689656	1.079641	1.858259	3.041381	0.728011	0.618466	1.875167	
1.147007	1.006541	1.690599	1.102554	0.707107	1.750714	1.448491	2.542759	1.518634	1.029866	0.514782	0.761577	2.188892	1.690599	0.190394	2.804015	1.878330	0.986471	1.969296	1.110180	2.410005	0.575543	2.201846	1.984943	2.024846	1.607016	0.381608	2.096575	2.144907	2.027468	
1.152443	0.781425	1.293493	0.766893	0.460977	1.578765	1.051487	2.203548	1.505407	0.738664	0.801561	0.820061	1.932938	1.388569	0.425735	2.430021	1.782730	0.922293	1.573412	0.710634	2.045880	0.276134	2.117339	1.610124	1.735655	1.251000	0.784618	1.756595	1.750893	1.879661	
1.226020	0.581485	0.638847	0.265754	0.828402	1.255488	0.608790	1.557442	1.476482	0.862047	1.313868	1.075291	1.422146	0.831039	1.012423	1.755349	1.573412	0.958188	1.076162	0.145774	1.376817	0.514782	1.895554	0.936082	1.177391	1.005609	1.437228	1.116076	1.085415	1.567043	
1.007782	0.350892	0.731864	0.025000	1.054751	0.970824	0.862047	1.420607	1.221167	1.132751	1.261943	0.934077	1.177391	0.604669	1.027740	1.697056	1.290591	0.750417	1.279893	0.424264	1.293493	0.548862	1.611094	0.890225	0.955249	1.280625	1.475847	0.973717	1.119431	1.282819	
0.261008	0.594243	1.665270	0.930390	1.380670	0.998123	1.701654	2.109650	0.632456	1.636498	0.588430	0.127475	1.553222	1.235162	0.696419	2.504246	1.025000	0.230489	2.180166	1.237437	2.088211	0.738241	1.333464	1.759616	1.485345	2.039914	1.025000	1.706055	2.033009	1.220912	
1.165386	1.191900	1.683931	1.342805	2.342008	0.400000	2.081015	1.226020	0.925338	2.452167	1.964688	1.491643	0.475657	0.866386	1.978952	1.750000	0.480234	1.191900	2.327150	1.724094	1.417965	1.697425	0.525000	1.408900	0.696419	2.530316	2.379732	1.083109	1.744456	0.195256	
1.743022	1.130542	0.275000	0.828025	1.556037	1.343968	0.800391	0.876427	1.852701	1.456237	2.075151	1.741049	1.131371	0.687841	1.811767	0.951972	1.731509	1.515957	0.835539	0.797653	0.612883	1.312440	1.980057	0.176777	0.849264	1.206752	2.246803	0.536773	0.309233	1.587648	
1.497707	0.845946	0.445112	0.503115	0.873212	1.450000	0.347311	1.516781	1.733854	0.800391	1.566046	1.350000	1.518634	0.929045	1.241471	1.632483	1.792519	1.231107	0.800391	0.158114	1.288652	0.759111	2.104311	0.838153	1.250000	0.777817	1.643358	1.100284	0.905884	1.754459	
2.102380	1.450000	0.382426	1.101136	1.468205	1.822944	0.570088	1.296630	2.270050	1.269350	2.268948	2.018818	1.644118	1.175266	1.946953	1.179248	2.205958	1.850000	0.335410	0.863496	0.982344	1.463087	2.472094	0.660019	1.362213	0.831039	2.341207	1.035012	0.431567	2.083867	
0.781425	0.235850	0.958188	0.336341	1.315770	0.660492	1.171804	1.364047	0.934077	1.431127	1.239456	0.825379	0.961769	0.480234	1.096586	1.726630	0.972433	0.561805	1.557442	0.742462	1.310773	0.701783	1.293493	0.980434	0.794512	1.597263	1.542927	0.938416	1.270089	0.973717	
0.728869	1.098294	1.950000	1.386092	2.233971	0.527376	2.226264	1.795132	0.378319	2.420744	1.550202	1.113833	1.051487	1.176860	1.673507	2.301766	0.158114	0.886707	2.582876	1.792519	1.929054	1.547781	0.350000	1.800174	1.179248	2.651061	2.005617	1.550000	2.137756	0.437321	
1.244237	1.064483	1.681703	1.129436	0.625500	1.825171	1.409122	2.572086	1.615549	0.950329	0.617454	0.860959	2.245551	1.732231	0.291548	2.815360	1.966119	1.073837	1.926947	1.098294	2.427061	0.604152	2.291970	1.995307	2.071533	1.541509	0.419076	2.125000	2.139655	2.107279	
0.436606	0.760345	1.686157	1.068000	1.886796	0.430116	1.916540	1.723550	0.237171	2.077408	1.258968	0.800000	1.035012	0.976281	1.343968	2.198295	0.350892	0.546008	2.302851	1.470544	1.800868	1.200521	0.673146	1.600000	1.077033	2.330772	1.700184	1.407347	1.927596	0.561805	
0.854400	0.782624	1.622113	0.955249	0.883530	1.482608	1.471394	2.365639	1.226020	1.185854	0.350892	0.469707	1.952722	1.492062	0.103078	2.669387	1.590990	0.701783	1.990603	1.068000	2.263846	0.469707	1.912132	1.860276	1.811250	1.704589	0.525595	1.925162	2.059430	1.750000	
1.707703	1.063602	0.509902	0.728869	0.835539	1.679472	0.127475	1.650757	1.956559	0.680074	1.701654	1.532359	1.723550	1.141271	1.353006	1.700184	2.022993	1.439184	0.637377	0.340037	1.393287	0.903120	2.334524	0.952956	1.448491	0.548293	1.721918	1.258968	0.939415	1.982738	
0.694622	0.254951	1.171004	0.447214	0.964689	1.035917	1.167262	1.825171	1.007782	1.166726	0.805062	0.500625	1.437228	0.951972	0.614919	2.142574	1.241471	0.430116	1.650757	0.704006	1.732772	0.279508	1.576785	1.345595	1.276959	1.513481	1.063602	1.386092	1.576785	1.334166	
2.322848	1.665270	0.648556	1.311726	1.470544	2.102974	0.594243	1.578963	2.517191	1.219887	2.402603	2.200568	1.944544	1.463087	2.057000	1.403567	2.482061	2.062311	0.090139	1.004988	1.258223	1.598828	2.756923	0.960469	1.662077	0.670820	2.419323	1.335337	0.705780	2.371840	
0.878208	0.965013	1.856071	1.175266	1.068000	1.594718	1.706239	2.561250	1.241219	1.382932	0.134629	0.500625	2.104311	1.680030	0.251247	2.884116	1.650000	0.794512	2.226264	1.305038	2.475126	0.705780	1.955761	2.081015	1.985101	1.925649	0.400000	2.126029	2.289651	1.838818	
1.191900	1.352082	1.940522	1.547781	2.516446	0.559017	2.319078	1.475847	0.886707	2.650118	2.015564	1.553222	0.735697	1.120547	2.078762	2.002498	0.419076	1.275980	2.585174	1.941649	1.681703	1.851013	0.292617	1.677051	0.965660	2.765863	2.453187	1.352082	2.013237	0.246221	
1.350231	0.711073	0.378319	0.391312	1.225765	1.110180	0.700446	1.147007	1.510381	1.202341	1.637834	1.312440	1.109617	0.527376	1.380670	1.350926	1.479231	1.107079	0.995301	0.452769	0.964689	0.883883	1.770064	0.531507	0.838153	1.151086	1.820886	0.711073	0.738664	1.399330	
1.020110	0.381608	0.798827	0.152069	0.883883	1.107362	0.814325	1.587648	1.277693	0.983933	1.151629	0.878208	1.350926	0.781425	0.884590	1.841535	1.402007	0.752080	1.278916	0.348210	1.445035	0.390512	1.730065	1.025305	1.131923	1.200521	1.326885	1.140449	1.221935	1.420607	
0.901388	0.412311	1.084551	0.430116	0.760345	1.212693	1.001249	1.869826	1.219887	0.954594	0.863496	0.661910	1.559848	1.027740	0.583631	2.140823	1.442654	0.640312	1.503330	0.555090	1.741407	0.103078	1.777990	1.325943	1.370447	1.320275	1.027740	1.423464	1.518634	1.518223	
1.935362	1.309819	0.301040	0.989002	1.603512	1.549597	0.770146	0.958188	2.055480	1.463087	2.225140	1.913439	1.312440	0.893378	1.941649	0.917197	1.937298	1.701654	0.682367	0.883883	0.654313	1.442221	2.183031	0.318198	1.035012	1.127497	2.366036	0.691466	0.160078	1.789728	
1.485345	1.202601	1.234909	1.177391	2.200142	0.716327	1.713549	0.608276	1.376817	2.227667	2.165208	1.706055	0.152069	0.550000	2.065944	1.126111	1.030776	1.395081	1.846957	1.467353	0.794512	1.662265	1.151086	0.866386	0.201556	2.158269	2.507987	0.500000	1.180042	0.778621	
0.498121	0.985203	1.940522	1.308864	2.070024	0.632456	2.158848	1.937298	0.127475	2.281036	1.303840	0.886002	1.219119	1.225000	1.454734	2.425387	0.375000	0.700446	2.554530	1.706605	2.034853	1.386092	0.604669	1.850676	1.298075	2.565638	1.764405	1.644118	2.180166	0.654313	
0.618466	0.707107	1.676678	0.961769	1.110462	1.309819	1.600781	2.302444	0.989002	1.398660	0.301040	0.230489	1.822944	1.418185	0.347311	2.647286	1.377044	0.509902	2.109502	1.163239	2.234390	0.575000	1.690044	1.858259	1.712637	1.878330	0.679154	1.873833	2.090753	1.557241	
1.376817	1.300240	1.613420	1.388569	2.412727	0.571183	2.053807	1.002809	1.167262	2.490607	2.150872	1.676678	0.291548	0.828025	2.128967	1.530114	0.735272	1.367708	2.245134	1.741049	1.226020	1.800694	0.760345	1.285010	0.566789	2.504246	2.546689	0.930390	1.608765	0.450694	
2.232991	1.598828	0.873212	1.269350	1.035917	2.211476	0.425735	1.990603	2.494118	0.738241	2.125000	2.025617	2.199574	1.640122	1.751606	1.904107	2.561250	1.963734	0.459619	0.872138	1.690044	1.368622	2.869233	1.305038	1.916540	0.125000	2.050000	1.662077	1.151086	2.510229	
1.480076	0.956883	1.033501	0.770146	0.285044	1.733854	0.673146	2.085815	1.803469	0.371652	1.227294	1.196349	1.965960	1.378632	0.850000	2.225140	2.003902	1.222957	1.185591	0.491172	1.875667	0.540833	2.337333	1.425219	1.726630	0.825379	1.162164	1.652460	1.491015	2.046491	
0.806226	0.838153	1.510381	1.040433	2.001406	0.055902	1.839837	1.343968	0.630971	2.136879	1.590008	1.116076	0.630971	0.711512	1.601757	1.838648	0.333542	0.813941	2.152324	1.440703	1.457738	1.340009	0.605186	1.328768	0.711073	2.280488	2.001562	1.075291	1.667708	0.269258	
1.752855	1.118034	0.127475	0.790569	1.431127	1.421487	0.650000	1.027740	1.891593	1.315770	2.023765	1.717010	1.258223	0.772172	1.740869	1.073837	1.805893	1.513275	0.707107	0.691466	0.756637	1.241219	2.069118	0.328824	0.973717	1.055047	2.167083	0.682825	0.355317	1.680774	
0.867828	0.475000	1.207528	0.550568	0.750000	1.265899	1.100284	1.985101	1.206752	0.980115	0.743303	0.585235	1.648105	1.132751	0.459619	2.263846	1.467353	0.620987	1.609542	0.667083	1.862961	0.079057	1.802256	1.450000	1.470544	1.394633	0.905884	1.539683	1.643358	1.564649	
1.420607	1.150272	1.613420	1.147007	0.431567	1.938105	1.282819	2.576941	1.788854	0.753741	0.840387	1.047020	2.313547	1.770770	0.494975	2.780513	2.112019	1.226020	1.789728	1.035012	2.406372	0.651920	2.442975	1.963734	2.118077	1.364276	0.600521	2.130874	2.074398	2.231731	
0.447214	0.540833	1.570430	0.838153	1.187697	1.103687	1.557241	2.121615	0.817389	1.449569	0.493077	0.103078	1.621149	1.237437	0.515388	2.485080	1.181630	0.304138	2.050000	1.100284	2.070024	0.561805	1.500417	1.711907	1.520074	1.875000	0.883883	1.700368	1.963734	1.353699	
2.142574	1.719193	1.226020	1.556639	2.469059	1.425219	1.750179	0.125000	2.081466	2.400651	2.726032	2.299185	0.863134	1.007782	2.551960	0.443001	1.752320	2.003902	1.669019	1.693000	0.357946	2.083867	1.854218	0.778621	0.772172	2.136879	3.002603	0.561805	0.910014	1.496036	
2.202555	1.706239	1.030776	1.488707	2.321234	1.554228	1.541509	0.335410	2.191033	2.219234	2.709359	2.310438	1.052675	1.029563	2.497624	0.246221	1.910497	2.032548	1.402230	1.554228	0.176777	2.010752	2.052438	0.614919	0.887764	1.900164	2.944911	0.559017	0.651920	1.675187	
1.937298	1.290591	0.564026	0.950329	0.960469	1.876832	0.103078	1.708984	2.180883	0.735272	1.916377	1.761391	1.869826	1.305038	1.559247	1.686713	2.230050	1.669019	0.436606	0.570088	1.425000	1.125278	2.535375	1.011187	1.588238	0.380789	1.908042	1.353006	0.916856	2.174425	
0.675463	0.995615	1.838478	1.277204	2.139655	0.425000	2.115715	1.710263	0.357946	2.320022	1.501874	1.052675	0.975000	1.068878	1.603317	2.211476	0.111803	0.807001	2.471083	1.683931	1.833371	1.454519	0.412311	1.693554	1.085415	2.541776	1.950641	1.450862	2.030394	0.388909	
0.381608	0.340037	1.410895	0.676849	1.245492	0.883883	1.467353	1.891593	0.710634	1.469906	0.728869	0.285044	1.386542	1.009022	0.700000	2.267432	1.006541	0.125000	1.935362	1.000625	1.851520	0.565685	1.336273	1.510381	1.285010	1.825171	1.103687	1.475847	1.779220	1.150272	
1.167262	0.583095	0.617454	0.380789	1.375909	0.845946	0.960469	1.063602	1.283793	1.402230	1.578171	1.197132	0.879275	0.285044	1.375000	1.366794	1.219119	0.948683	1.252996	0.642748	0.955249	0.905884	1.505407	0.594243	0.626997	1.410009	1.825171	0.617454	0.883883	1.133578	
1.960230	1.303840	0.285044	0.951315	1.293493	1.736555	0.403113	1.353237	2.146654	1.107362	2.095382	1.858259	1.616516	1.105102	1.769357	1.299279	2.113350	1.702939	0.360555	0.687841	1.054751	1.288652	2.392958	0.673146	1.331587	0.726722	2.161307	1.039832	0.530330	2.011219	
0.800391	0.983933	1.722099	1.222957	2.147673	0.269258	2.039148	1.515957	0.535023	2.302851	1.619413	1.154340	0.775403	0.925000	1.679658	2.022375	0.125000	0.876427	2.362864	1.627882	1.651704	1.471819	0.406971	1.540292	0.901388	2.475884	2.053807	1.275980	1.879661	0.201556	
1.464795	0.867828	0.776611	0.604669	0.538516	1.595306	0.467039	1.838648	1.755349	0.515388	1.358308	1.236932	1.765290	1.171804	1.000625	1.967867	1.898190	1.197132	0.989002	0.250000	1.621149	0.579871	2.225562	1.170470	1.513275	0.743303	1.364047	1.410895	1.235162	1.908042	
1.320038	0.851469	0.778621	0.728011	1.727896	0.760345	1.229837	0.745822	1.340009	1.739612	1.858259	1.437228	0.570636	0.145774	1.693554	1.129436	1.147279	1.151086	1.415980	0.980115	0.715891	1.244237	1.378858	0.515388	0.292617	1.677982	2.143887	0.325960	0.855132	0.984886	
2.504621	2.010752	1.276959	1.786232	2.582876	1.837457	1.765113	0.550568	2.482438	2.458785	3.012682	2.615578	1.303840	1.333464	2.795085	0.079057	2.182458	2.337333	1.550202	1.826540	0.480234	2.304886	2.301223	0.895126	1.171004	2.087163	3.240853	0.862047	0.848896	1.935362	
1.500000	1.141271	1.063602	1.068878	2.077408	0.783023	1.550806	0.525595	1.434617	2.087163	2.130288	1.683931	0.313249	0.443001	2.001406	1.015197	1.131923	1.379311	1.671077	1.328768	0.651920	1.573412	1.286954	0.689656	0.125000	1.992643	2.448724	0.325960	1.005609	0.901388	
1.290591	1.258223	1.971833	1.380444	0.905539	1.965960	1.711176	2.817024	1.657181	1.229075	0.514782	0.905539	2.435416	1.956559	0.395285	3.085855	2.053807	1.176063	2.228929	1.390144	2.690376	0.855132	2.366036	2.267157	2.284732	1.833712	0.125000	2.371840	2.427061	2.227246	
1.155692	1.002809	1.362213	1.085415	2.108613	0.355317	1.775704	0.976281	1.012423	2.189892	1.891098	1.419947	0.250000	0.550568	1.843909	1.485345	0.661910	1.107079	2.003902	1.444386	1.126111	1.500000	0.818917	1.084551	0.382426	2.226264	2.270050	0.770146	1.421487	0.427931	
2.617728	2.011219	1.353237	1.702939	1.202341	2.669855	0.890225	2.455860	2.905275	0.878208	2.388122	2.367620	2.679669	2.115715	2.005773	2.327150	3.008530	2.350532	0.851469	1.296389	2.147673	1.703856	3.323590	1.779220	2.397003	0.442295	2.225140	2.140385	1.598828	2.973214	
1.877665	1.225000	0.167705	0.876427	1.325236	1.622113	0.467039	1.241219	2.050000	1.165386	2.057000	1.796176	1.491643	0.985203	1.744276	1.219119	2.001406	1.625000	0.480234	0.660492	0.950329	1.253994	2.276648	0.553399	1.206752	0.834416	2.149564	0.916856	0.450694	1.892914	
0.728869	0.860959	1.610124	1.098294	2.025617	0.175000	1.917355	1.470544	0.515388	2.178302	1.534805	1.064483	0.750417	0.824621	1.575793	1.966119	0.223607	0.775403	2.248611	1.503537	1.584692	1.352082	0.531507	1.446764	0.838525	2.352791	1.960230	1.201041	1.784657	0.276134	
0.103078	0.555090	1.625000	0.908639	1.523975	0.782624	1.731509	1.950160	0.437321	1.754459	0.813941	0.350000	1.355083	1.095730	0.903466	2.370654	0.800391	0.167705	2.182458	1.264911	1.956559	0.849264	1.113833	1.662077	1.312440	2.102380	1.250250	1.566246	1.956559	0.995301	
1.711176	1.220912	0.770146	1.033501	1.952562	1.101136	1.290591	0.419076	1.716464	1.904107	2.227667	1.820027	0.704450	0.536773	2.035006	0.738241	1.475847	1.539683	1.325000	1.176860	0.325000	1.560849	1.662265	0.335410	0.460977	1.710263	2.485080	0.075000	0.620987	1.270089	
0.700446	0.134629	1.026219	0.347311	1.264911	0.696419	1.197132	1.469906	0.886707	1.402007	1.133578	0.721110	1.049405	0.585769	0.998123	1.830983	0.976281	0.467039	1.607210	0.750000	1.415318	0.625500	1.305038	1.077033	0.894427	1.610124	1.442437	1.044330	1.358538	1.007782	
0.301040	0.656220	1.722099	0.986471	1.386092	1.063602	1.743022	2.180166	0.667083	1.650947	0.530330	0.106066	1.622498	1.305038	0.670820	2.573179	1.076162	0.301040	2.227246	1.281113	2.157110	0.761577	1.378632	1.825171	1.556037	2.071533	0.976281	1.775704	2.095382	1.279893	
2.258871	1.603122	0.553399	1.251000	1.507689	2.001406	0.610328	1.444386	2.437853	1.277204	2.383406	2.157110	1.821572	1.355083	2.048322	1.275980	2.383537	2.002498	0.200000	0.976281	1.123610	1.576587	2.651650	0.832541	1.540495	0.766893	2.426160	1.206752	0.571183	2.263846	
1.523975	1.298075	1.380670	1.300000	2.327150	0.726722	1.858090	0.675463	1.380444	2.363525	2.236767	1.770770	0.125000	0.679154	2.158269	1.202341	0.998123	1.457738	1.991231	1.603317	0.901388	1.771475	1.077613	1.007782	0.340037	2.303394	2.595429	0.637377	1.315770	0.728011	
1.632674	0.976281	0.325000	0.625000	0.986154	1.523975	0.270416	1.451938	1.852363	0.867828	1.724094	1.500833	1.531747	0.956883	1.398660	1.523155	1.880326	1.368622	0.654313	0.316228	1.201301	0.917197	2.183031	0.756637	1.253994	0.721110	1.796698	1.057414	0.776611	1.820886	
0.933408	0.977880	1.835756	1.168867	1.006541	1.632674	1.667708	2.570019	1.299279	1.323820	0.201556	0.550568	2.130874	1.691892	0.201556	2.881948	1.700735	0.834416	2.188892	1.276959	2.475126	0.682367	2.009975	2.074398	2.003279	1.875000	0.353553	2.131901	2.274313	1.883149	
1.226020	0.925000	1.113833	0.926350	1.955761	0.509902	1.547781	0.805062	1.155963	2.007019	1.886796	1.430035	0.276134	0.325000	1.787806	1.285496	0.875000	1.120547	1.752320	1.250000	0.903120	1.393287	1.068000	0.827647	0.158114	1.998124	2.228929	0.527376	1.165386	0.673146	
1.665270	1.051487	0.261008	0.750417	1.504161	1.281601	0.781425	0.900347	1.779396	1.417965	1.998124	1.662077	1.098294	0.626997	1.738174	1.012423	1.668270	1.437228	0.866386	0.738241	0.656220	1.239456	1.923051	0.206155	0.813941	1.202082	2.175000	0.529741	0.388104	1.532359	
1.200000	1.453444	2.115715	1.680030	2.617370	0.691466	2.474874	1.676678	0.859142	2.769702	2.025617	1.578171	0.937083	1.296630	2.125000	2.203548	0.431567	1.323820	2.760888	2.081015	1.882817	1.940522	0.145774	1.868321	1.162164	2.918154	2.476136	1.549597	2.205958	0.390512	
1.950160	1.305996	0.230489	0.965984	1.470544	1.634778	0.608790	1.133854	2.100298	1.309819	2.173131	1.892749	1.449569	0.983933	1.869826	1.079352	2.019437	1.704589	0.520216	0.790569	0.831039	1.375227	2.281036	0.471699	1.167262	0.951315	2.281584	0.845946	0.309233	1.891593	
0.903120	0.577170	1.299279	0.660019	0.707107	1.358308	1.156774	2.096575	1.255488	0.964689	0.667083	0.583095	1.755349	1.244237	0.355317	2.371181	1.542117	0.673146	1.672760	0.743303	1.971833	0.145774	1.875667	1.555635	1.581139	1.422146	0.797261	1.650947	1.740869	1.652460	
1.650757	1.101136	0.998123	0.873212	0.336341	1.857586	0.565685	2.100298	1.966119	0.237171	1.405569	1.375909	2.044658	1.451293	1.026219	2.196161	2.145052	1.390144	1.054751	0.527376	1.868154	0.716327	2.476136	1.418846	1.792519	0.650481	1.315770	1.679658	1.442654	2.170829	
0.916856	0.529741	0.995301	0.577170	1.598828	0.465027	1.325943	1.117195	0.951315	1.685415	1.505407	1.061249	0.657647	0.261008	1.392839	1.531747	0.838525	0.761988	1.634205	0.951972	1.119431	1.004988	1.125000	0.875357	0.506211	1.770946	1.835245	0.726722	1.202341	0.760345	
0.180278	0.552268	1.629801	0.900000	1.432000	0.896172	1.697793	2.026388	0.548293	1.675187	0.691466	0.225000	1.456237	1.158123	0.783023	2.431178	0.925338	0.158114	2.164486	1.231107	2.015564	0.770146	1.237437	1.700184	1.396648	2.051981	1.125278	1.629801	1.982738	1.118034	
1.922401	1.285739	0.654313	0.956883	0.860233	1.909188	0.134629	1.804335	2.180883	0.625000	1.856071	1.726268	1.934231	1.359458	1.492062	1.795132	2.253470	1.653217	0.527376	0.559017	1.525819	1.077613	2.564786	1.104536	1.655295	0.320156	1.826369	1.437228	1.025000	2.211476	
0.970824	0.424264	0.807001	0.353553	1.383158	0.689656	1.096586	1.175266	1.085415	1.454734	1.432000	1.026219	0.850368	0.302076	1.265158	1.525819	1.047020	0.761577	1.431782	0.716327	1.110180	0.831039	1.347683	0.783023	0.642748	1.538871	1.715007	0.742462	1.082243	0.992472	
0.410030	0.357946	1.417965	0.682367	1.206752	0.933408	1.456237	1.926947	0.750000	1.437228	0.686477	0.257391	1.431782	1.043132	0.650000	2.295920	1.055047	0.167705	1.930835	0.990581	1.880326	0.531507	1.384061	1.531747	1.325236	1.805893	1.055047	1.507689	1.794610	1.200260	
2.191603	1.690599	1.006541	1.469906	2.298097	1.549597	1.516781	0.347311	2.184033	2.195023	2.692815	2.295920	1.054751	1.017657	2.478911	0.257391	1.908042	2.019437	1.377725	1.531747	0.160078	1.991231	2.053807	0.592663	0.883883	1.875167	2.925855	0.548293	0.626997	1.675000	
2.117929	1.460522	0.450694	1.107079	1.345362	1.903943	0.445112	1.463087	2.311114	1.125000	2.219234	2.002498	1.770946	1.270089	1.881821	1.353699	2.281036	1.858259	0.195256	0.813941	1.152443	1.412887	2.559907	0.806226	1.486607	0.657647	2.258456	1.179248	0.604669	2.177298	
1.073546	0.863134	1.535008	0.943398	0.640800	1.625769	1.312440	2.384586	1.442437	0.951972	0.564026	0.700446	2.044658	1.536636	0.182003	2.643979	1.776584	0.886002	1.834394	0.956883	2.250000	0.416083	2.105053	1.825000	1.873666	1.500208	0.535023	1.938105	1.987775	1.910497	
1.789728	1.171804	0.731864	0.866386	0.675463	1.846957	0.235850	1.875667	2.067003	0.469707	1.676678	1.570430	1.931321	1.342805	1.308625	1.913439	2.174425	1.520896	0.716327	0.459619	1.615743	0.912414	2.494118	1.177391	1.660196	0.413824	1.636498	1.482608	1.147007	2.155371	
1.900164	1.256234	0.182003	0.916856	1.442221	1.589025	0.594243	1.122776	2.050914	1.290591	2.127205	1.843909	1.414655	0.939747	1.826540	1.092016	1.973100	1.654728	0.550568	0.750000	0.826514	1.330883	2.236767	0.447214	1.131371	0.955249	2.240675	0.818917	0.325000	1.848141	
0.851469	0.960469	1.867150	1.180042	1.099147	1.576587	1.726268	2.557587	1.212693	1.412887	0.103078	0.477624	2.091799	1.675187	0.279508	2.885849	1.625192	0.776209	2.245551	1.320275	2.475884	0.719809	1.929054	2.085216	1.976898	1.951442	0.425735	2.123970	2.298097	1.817278	
1.464795	1.011496	0.818917	0.877852	1.860779	0.850000	1.305038	0.585769	1.461592	1.854218	2.018044	1.594522	0.530330	0.301040	1.852363	0.984886	1.229075	1.305038	1.434617	1.100000	0.577170	1.398660	1.432000	0.471699	0.250000	1.746425	2.302851	0.182003	0.805062	1.037123	
1.057414	1.386768	2.139655	1.644878	2.539931	0.686477	2.464878	1.801562	0.700000	2.711665	1.876499	1.442654	1.050000	1.330648	2.001250	2.325134	0.340037	1.209597	2.782647	2.050914	1.985101	1.856071	0.055902	1.929054	1.245492	2.901077	2.333586	1.632674	2.268948	0.436606	
1.576587	0.976281	0.771767	0.700446	0.540833	1.691892	0.391312	1.870328	1.865811	0.450694	1.453444	1.346291	1.837457	1.243232	1.089151	1.969772	2.001406	1.308864	0.910014	0.316228	1.638025	0.686477	2.327150	1.188486	1.578765	0.632456	1.434617	1.451938	1.221935	2.003902	
1.389469	0.731864	0.391312	0.378319	1.013040	1.273283	0.512957	1.358538	1.597655	0.976281	1.556037	1.286954	1.328533	0.738664	1.261943	1.518634	1.625000	1.129436	0.897566	0.237171	1.152443	0.763217	1.930835	0.704450	1.061249	0.957209	1.686898	0.930390	0.835539	1.574206	
2.245551	1.589025	0.637377	1.236932	1.317431	2.080415	0.460977	1.660196	2.458785	1.061249	2.281036	2.101339	1.968661	1.456451	1.928244	1.525000	2.452805	1.981161	0.070711	0.900347	1.346291	1.482608	2.738841	1.007782	1.683931	0.515388	2.279528	1.380670	0.794512	2.360085	
2.419969	1.869826	1.012423	1.605070	2.319617	1.831154	1.471819	0.670820	2.446554	2.173131	2.850987	2.484074	1.368622	1.250000	2.603483	0.261008	2.200568	2.226264	1.225255	1.585284	0.425735	2.105499	2.363260	0.700446	1.175000	1.771475	3.041381	0.806226	0.559017	1.978952	
1.627882	1.188486	1.330883	1.054751	0.025000	1.984471	0.919239	2.395047	1.975633	0.325960	1.209597	1.296389	2.256795	1.675187	0.831039	2.526979	2.225140	1.390144	1.400893	0.800391	2.182888	0.707549	2.560518	1.732231	2.025000	0.941077	1.027740	1.961186	1.783606	2.294014	
0.831039	0.195256	0.946375	0.213600	0.996243	0.965660	1.004054	1.608765	1.089151	1.137157	1.040433	0.715891	1.281113	0.752080	0.825379	1.910497	1.235162	0.564026	1.460522	0.538516	1.502706	0.382426	1.567043	1.110180	1.092016	1.389244	1.275980	1.165386	1.342805	1.276959	
2.505993	1.900658	1.267379	1.594522	1.100284	2.564786	0.790569	2.383537	2.794302	0.775403	2.281036	2.256241	2.586141	2.017734	1.898848	2.275000	2.901077	2.238861	0.801561	1.187697	2.079663	1.592365	3.217336	1.700184	2.304479	0.340037	2.126323	2.057000	1.535008	2.869233	
0.640800	0.656220	1.606432	0.896172	1.047020	1.294701	1.525819	2.253470	1.012423	1.330648	0.355317	0.257391	1.792345	1.370447	0.316228	2.589643	1.383158	0.500625	2.034853	1.089151	2.177872	0.500000	1.701654	1.796176	1.672199	1.804508	0.691466	1.821572	2.023765	1.551813	
0.916856	0.261008	0.838525	0.103078	1.019804	0.961769	0.929045	1.513481	1.151629	1.129436	1.151086	0.824621	1.225255	0.673146	0.925338	1.803469	1.258223	0.654313	1.368622	0.471699	1.397542	0.459619	1.585284	1.000000	1.019804	1.331353	1.375000	1.068000	1.231107	1.275000	
0.781425	1.009022	1.973100	1.265158	1.264911	1.550806	1.863632	2.600120	1.125278	1.576587	0.070711	0.447214	2.093144	1.715554	0.443001	2.951694	1.559848	0.760345	2.379732	1.443087	2.538331	0.843356	1.850169	2.163331	2.000000	2.105350	0.529741	2.175000	2.392828	1.770770	
1.901480	1.402007	0.825000	1.195042	2.071533	1.281113	1.350231	0.328824	1.903943	1.997655	2.406502	2.005305	0.838153	0.726722	2.202272	0.548862	1.650189	1.727896	1.309819	1.296630	0.134629	1.720465	1.820886	0.375832	0.625500	1.746783	2.651061	0.261008	0.561805	1.432873	
1.817966	1.382932	0.990581	1.229837	2.172125	1.133854	1.513275	0.215058	1.779220	2.128673	2.389691	1.964211	0.632949	0.671751	2.218812	0.661910	1.485345	1.671077	1.520691	1.397542	0.316228	1.755883	1.629801	0.546008	0.467039	1.928244	2.669504	0.237171	0.785016	1.250000	
1.556037	0.936082	0.670820	0.637377	0.638847	1.625000	0.333542	1.767767	1.831154	0.550000	1.488498	1.348379	1.748035	1.154340	1.133854	1.868321	1.944865	1.286954	0.855132	0.235850	1.535008	0.700446	2.267157	1.085415	1.485976	0.648556	1.498332	1.350926	1.123610	1.935523	
1.920937	1.553222	1.245492	1.439618	2.408449	1.173936	1.767767	0.190394	1.833882	2.376184	2.550123	2.107279	0.594243	0.840387	2.406372	0.711073	1.487027	1.803469	1.767060	1.637261	0.494975	1.959751	1.579953	0.800391	0.548293	2.183031	2.855915	0.475657	1.020417	1.225765	
2.003279	1.405569	0.950329	1.114955	0.680074	2.100595	0.425000	2.101339	2.295920	0.381608	1.806239	1.755705	2.186607	1.599414	1.426972	2.098809	2.422421	1.736555	0.761988	0.710634	1.827738	1.091444	2.744654	1.400893	1.913766	0.254951	1.701654	1.722099	1.328768	2.410005	
2.001406	1.386768	0.853302	1.079641	0.761577	2.055480	0.328824	2.003902	2.281721	0.480234	1.850676	1.772005	2.114533	1.532359	1.475212	1.990603	2.387075	1.732953	0.654313	0.672681	1.725724	1.109617	2.705203	1.303840	1.838478	0.206155	1.770770	1.632674	1.220912	2.362335	
0.958188	1.100284	1.754459	1.310773	2.265502	0.320156	2.103717	1.438967	0.686477	2.406372	1.775528	1.308625	0.686477	0.939747	1.826540	1.955761	0.230489	1.025000	2.399088	1.710263	1.601757	1.597263	0.357946	1.533786	0.855862	2.546566	2.206949	1.241219	1.873666	0.055902	
0.883883	1.096016	2.035927	1.338376	1.261200	1.653217	1.902958	2.690725	1.225000	1.578765	0.090139	0.548293	2.192744	1.806239	0.450694	3.034489	1.662077	0.860959	2.422034	1.494364	2.622260	0.893378	1.950641	2.240675	2.095382	2.125588	0.447214	2.262742	2.462214	1.873833	
1.090011	0.594243	1.055047	0.515388	0.571183	1.391492	0.880696	1.946953	1.414214	0.760345	0.941409	0.822344	1.700735	1.142639	0.604152	2.175144	1.634205	0.832541	1.397542	0.480885	1.789029	0.158114	1.969296	1.355083	1.492062	1.158123	1.015197	1.500208	1.507689	1.700184	
1.361295	0.910014	1.190851	0.800391	0.257391	1.707703	0.872138	2.189892	1.702939	0.503115	1.032594	1.047020	2.000625	1.428504	0.651920	2.366696	1.945668	1.117195	1.388569	0.617454	2.001406	0.430116	2.281036	1.554429	1.779396	1.025305	0.956883	1.748035	1.651704	2.016340	
1.852363	1.418185	1.011187	1.263428	2.201846	1.164313	1.535008	0.180278	1.811250	2.155226	2.425000	1.999531	0.654313	0.707107	2.253470	0.632949	1.513275	1.706239	1.531747	1.426753	0.302076	1.789728	1.653028	0.564026	0.498121	1.946953	2.704163	0.269258	0.790569	1.275245	
0.930054	0.855862	1.407569	1.006231	2.002030	0.125000	1.769181	1.185854	0.784618	2.114533	1.685415	1.211662	0.480234	0.592663	1.665270	1.681703	0.475657	0.901388	2.052438	1.393960	1.303840	1.361295	0.704450	1.195042	0.555090	2.215429	2.079964	0.925338	1.535008	0.320156	
2.353853	1.892254	1.261200	1.695029	2.548774	1.660196	1.771475	0.357946	2.311926	2.449617	2.899353	2.487217	1.110180	1.195042	2.701851	0.215058	1.995777	2.200142	1.615743	1.779396	0.391312	2.220360	2.103717	0.840387	0.998123	2.125147	3.150893	0.726722	0.875000	1.743022	
2.177298	1.525819	0.665676	1.179248	1.166190	2.070024	0.350892	1.752320	2.409616	0.903120	2.164486	2.009975	2.005305	1.467353	1.804508	1.653028	2.433747	1.910007	0.230489	0.813941	1.446764	1.375227	2.730041	1.077033	1.720465	0.364005	2.142574	1.442437	0.903120	2.359158	
0.325000	0.687841	1.750893	1.015197	1.390144	1.096586	1.764405	2.215429	0.686477	1.659254	0.502494	0.111803	1.657181	1.340009	0.660492	2.607681	1.102554	0.336341	2.251250	1.303840	2.191603	0.775403	1.402007	1.858090	1.591383	2.088061	0.952956	1.810559	2.126764	1.309819	
1.573412	1.305038	1.308864	1.278916	2.300000	0.790569	1.796698	0.575000	1.449569	2.322848	2.263846	1.802776	0.190394	0.650481	2.168237	1.101136	1.083109	1.491015	1.910007	1.562850	0.798827	1.765290	1.176063	0.921954	0.300000	2.238861	2.609717	0.548293	1.222957	0.818917	
1.992800	1.449569	0.715891	1.202601	2.005773	1.425000	1.231361	0.492443	2.026234	1.903943	2.440415	2.062311	1.021335	0.824621	2.209779	0.515388	1.802776	1.800347	1.138530	1.241219	0.176777	1.717010	1.990603	0.305164	0.789383	1.604875	2.653771	0.403113	0.380789	1.598828	
2.273351	1.655483	0.630971	1.337208	1.890106	1.833712	1.007782	0.985203	2.375132	1.711907	2.571478	2.261084	1.510381	1.184536	2.281721	0.751665	2.221064	2.044658	0.725000	1.210372	0.660019	1.783606	2.442975	0.559017	1.253994	1.274755	2.700116	0.872138	0.225000	2.047712	
0.527376	0.425000	1.309819	0.695072	1.589025	0.400000	1.539683	1.491015	0.579871	1.747319	1.208305	0.738241	0.908983	0.656220	1.181630	1.924188	0.625000	0.425000	1.922401	1.101136	1.513481	0.917197	0.956883	1.258968	0.851469	1.960230	1.594718	1.119431	1.575793	0.691466	
1.076162	1.367708	2.088211	1.613420	2.526856	0.640312	2.425000	1.725724	0.728869	2.690376	1.900000	1.457738	0.975320	1.275000	2.010286	2.250000	0.325000	1.212693	2.732330	2.018044	1.913276	1.845603	0.025000	1.866815	1.176860	2.864001	2.353322	1.564649	2.206383	0.371652	
1.880990	1.226020	0.195256	0.875000	1.285010	1.646587	0.419076	1.290591	2.061553	1.119431	2.039914	1.789204	1.530523	1.015197	1.721918	1.267379	2.023765	1.625769	0.450694	0.637377	1.000312	1.234909	2.302851	0.601041	1.245492	0.785016	2.122646	0.962094	0.498121	1.921100	
1.100284	1.179248	2.011374	1.361295	1.077613	1.825171	1.810559	2.770041	1.457738	1.402007	0.285044	0.728869	2.330772	1.892914	0.360555	3.075914	1.875667	1.025000	2.332515	1.442654	2.670791	0.860233	2.177298	2.265226	2.204824	1.982738	0.182003	2.330906	2.455733	2.068363	
1.777815	1.165386	0.760345	0.866386	0.640312	1.850676	0.270416	1.901480	2.059430	0.436606	1.650757	1.552417	1.945829	1.355775	1.281113	1.944865	2.174425	1.509346	0.750417	0.460977	1.644118	0.892328	2.495621	1.204159	1.676305	0.427200	1.604875	1.505199	1.179248	2.160006	
1.956080	1.425219	1.216553	1.196349	0.427931	2.183031	0.711512	2.354782	2.281036	0.111803	1.625000	1.659254	2.352791	1.758551	1.243232	2.397003	2.470324	1.700368	1.098294	0.831039	2.100298	1.015197	2.801785	1.659254	2.093591	0.561805	1.450862	1.950641	1.628650	2.496247	
1.630376	1.085415	1.007782	0.863496	0.318198	1.845603	0.583631	2.104311	1.947434	0.246221	1.380670	1.353237	2.039608	1.446764	1.001249	2.205958	2.130288	1.370447	1.076162	0.525595	1.875000	0.694622	2.461834	1.425219	1.789204	0.675463	1.291559	1.681703	1.454519	2.158848	
0.559017	0.100000	1.177391	0.452769	1.207528	0.781425	1.281601	1.663205	0.811249	1.386092	0.941077	0.527376	1.209597	0.778621	0.831039	2.025617	0.995615	0.300000	1.726268	0.817389	1.610124	0.529741	1.330883	1.264170	1.076162	1.668270	1.267379	1.239456	1.535008	1.079352	
1.049405	1.017964	1.802776	1.168867	0.887764	1.714825	1.597263	2.593260	1.418846	1.209339	0.340037	0.661910	2.189892	1.724094	0.160078	2.882815	1.806239	0.925338	2.119257	1.231107	2.481179	0.656220	2.121320	2.068363	2.046491	1.777815	0.291548	2.150581	2.250000	1.976424	
1.140449	0.707549	0.875000	0.650481	1.676678	0.601041	1.275980	0.901734	1.159741	1.722099	1.706239	1.273283	0.559017	0.055902	1.565248	1.308148	0.989002	0.980115	1.520074	0.965013	0.896172	1.140175	1.241219	0.679154	0.333542	1.726630	2.013237	0.503115	1.015197	0.853302	
2.267708	1.680774	0.745822	1.389244	2.045880	1.754459	1.188486	0.778621	2.333586	1.891098	2.636878	2.294695	1.369535	1.127497	2.370258	0.525000	2.136879	2.055480	0.951315	1.326885	0.460977	1.870328	2.334791	0.515388	1.133854	1.488498	2.801116	0.745822	0.285044	1.941649	
1.212693	0.555090	0.546008	0.201556	1.004988	1.133578	0.665676	1.384061	1.425219	1.025000	1.408900	1.118034	1.255488	0.661910	1.136332	1.600781	1.472455	0.952956	1.073837	0.269258	1.213724	0.637377	1.785532	0.781025	1.004988	1.096586	1.573412	0.941077	0.964689	1.440703	
2.270050	1.765113	1.051487	1.538871	2.350532	1.627882	1.554228	0.403887	2.263018	2.239001	2.765863	2.371708	1.127497	1.095730	2.547793	0.180278	1.985101	2.096575	1.389469	1.588238	0.235850	2.058215	2.127352	0.651920	0.961769	1.900658	2.993848	0.626997	0.650481	1.750179	
0.917197	0.860959	1.680774	1.025305	0.877852	1.559848	1.510381	2.441311	1.288652	1.188486	0.328824	0.529741	2.031779	1.569235	0.055902	2.740096	1.662077	0.775403	2.031317	1.119431	2.335862	0.527376	1.981161	1.928892	1.889610	1.725724	0.447214	2.000000	2.121910	1.825171	
1.698529	1.209339	1.221167	1.030776	0.152069	1.992643	0.781025	2.314357	2.034853	0.176777	1.340009	1.386768	2.223876	1.634396	0.958188	2.419323	2.255272	1.450000	1.250000	0.726722	2.088061	0.760345	2.589643	1.638025	1.980688	0.783023	1.181630	1.888452	1.666208	2.304886	
1.515132	1.328768	1.463087	1.352082	2.381439	0.707990	1.934716	0.753741	1.350926	2.427061	2.247499	1.777990	0.150000	0.740355	2.184033	1.281113	0.950329	1.464795	2.077408	1.667708	0.989002	1.811077	1.007782	1.096016	0.413824	2.381439	2.616892	0.726722	1.405569	0.673146	
1.032594	0.437321	0.715891	0.276134	1.302162	0.795692	0.990581	1.192686	1.171804	1.360147	1.434617	1.051487	0.930390	0.353553	1.241219	1.511001	1.151086	0.807001	1.332760	0.614919	1.098294	0.784618	1.453444	0.738664	0.704006	1.432873	1.691892	0.750000	1.019804	1.098294	
2.305699	1.648105	0.651920	1.294701	1.421487	2.105499	0.553399	1.615549	2.507115	1.167262	2.368148	2.175000	1.962938	1.470544	2.019437	1.451938	2.482438	2.043588	0.035355	0.976281	1.296630	1.566246	2.761340	0.985203	1.679472	0.614919	2.376973	1.360147	0.743303	2.378287	
0.784618	0.626997	1.475847	0.797261	0.860233	1.350926	1.355775	2.205816	1.151629	1.140449	0.474342	0.424264	1.803122	1.333464	0.237171	2.510478	1.485976	0.594243	1.870328	0.934077	2.104311	0.333542	1.813319	1.702939	1.655295	1.619413	0.682367	1.765113	1.908042	1.628074	
1.659254	1.226020	0.925000	1.086566	2.050914	0.990581	1.437228	0.371652	1.628650	2.025000	2.231871	1.804508	0.538516	0.512957	2.067003	0.807001	1.352082	1.511001	1.497707	1.281113	0.425000	1.610124	1.516781	0.506211	0.325960	1.865811	2.517563	0.134629	0.797261	1.129436	
1.158123	0.506211	0.650000	0.176777	0.900347	1.165386	0.682825	1.504161	1.397542	0.948683	1.297353	1.029866	1.340009	0.751665	1.015197	1.725724	1.484924	0.892328	1.131923	0.230489	1.338376	0.515388	1.806239	0.905884	1.100284	1.090011	1.450000	1.059481	1.081665	1.476906	
0.555090	0.853302	1.875000	1.147007	1.330883	1.332760	1.825000	2.422421	0.901388	1.625000	0.276134	0.247487	1.886796	1.540495	0.531507	2.795756	1.333464	0.555090	2.329834	1.380670	2.380257	0.801561	1.625000	2.025154	1.808660	2.108613	0.740355	2.007019	2.275000	1.546165	
0.055902	0.711073	1.775704	1.064483	1.662077	0.820061	1.889610	2.045880	0.333542	1.901480	0.850000	0.427200	1.414655	1.211662	0.998123	2.482942	0.760345	0.325000	2.338937	1.423025	2.071382	0.995615	1.050298	1.795132	1.400893	2.259425	1.305996	1.677982	2.096575	0.989002	
1.585284	1.231107	1.107079	1.152443	2.155226	0.854400	1.604875	0.450694	1.510381	2.157110	2.220360	1.773415	0.333542	0.529741	2.090753	0.955249	1.191900	1.468205	1.700184	1.400893	0.612883	1.660196	1.328768	0.710634	0.212132	2.042670	2.538331	0.336341	1.011496	0.950329	
2.201846	1.606432	0.656220	1.308864	1.955761	1.711724	1.100284	0.805062	2.278431	1.802256	2.555386	2.219234	1.353237	1.075000	2.285005	0.602080	2.096575	1.985101	0.880696	1.237942	0.480234	1.785007	2.304479	0.452769	1.106797	1.408013	2.714429	0.719809	0.195256	1.910007	
1.100000	1.192686	2.032548	1.379311	1.102554	1.831154	1.834394	2.785004	1.455378	1.426972	0.279508	0.731864	2.340539	1.906895	0.381608	3.093643	1.876499	1.030776	2.356374	1.464795	2.687936	0.880696	2.176293	2.283774	2.217121	2.007642	0.190394	2.346540	2.476136	2.071835	
0.509902	0.150000	1.227294	0.502494	1.231107	0.776611	1.328533	1.697425	0.770146	1.418185	0.910014	0.485412	1.226020	0.813173	0.818917	2.066549	0.972754	0.250000	1.775528	0.863496	1.650757	0.548293	1.308148	1.309819	1.102554	1.711907	1.249500	1.277204	1.583114	1.068878	
1.283793	1.421487	2.253470	1.608765	1.253994	2.040221	2.033624	3.015066	1.625192	1.578171	0.460977	0.934077	2.561494	2.136147	0.605186	3.323402	2.062311	1.241219	2.554530	1.680774	2.918154	1.105102	2.351197	2.512469	2.443870	2.178302	0.225000	2.576941	2.700116	2.270050	
2.414151	1.762988	0.866386	1.416201	1.332760	2.295920	0.583631	1.890271	2.646224	1.041933	2.381439	2.241930	2.202272	1.681703	2.015564	1.729523	2.663292	2.146654	0.261008	1.049405	1.573412	1.600781	2.955609	1.243483	1.917355	0.425735	2.335193	1.616516	1.020110	2.580819	
0.937083	1.149184	2.079814	1.386768	1.274755	1.708801	1.936653	2.744654	1.275245	1.594718	0.141421	0.604152	2.248611	1.860276	0.475657	3.085855	1.714825	0.916856	2.456751	1.533786	2.674065	0.933408	2.001406	2.290196	2.150581	2.150000	0.416083	2.315842	2.508610	1.928244	
0.816241	0.625500	1.229837	0.772172	1.765113	0.230489	1.556037	1.209339	0.770146	1.878829	1.509346	1.041933	0.604669	0.452769	1.456237	1.668270	0.604152	0.728869	1.869826	1.165386	1.267379	1.129436	0.890225	1.079641	0.561805	1.998281	1.882153	0.873212	1.414214	0.535023	
0.302076	0.860959	1.874166	1.202601	1.898190	0.700446	2.048475	1.990603	0.075000	2.122499	1.102554	0.687841	1.305038	1.216553	1.258223	2.458785	0.538516	0.530330	2.469059	1.587648	2.057000	1.219887	0.801561	1.831154	1.342805	2.440415	1.562850	1.662077	2.150581	0.797653	
1.175000	1.431127	2.101339	1.660008	2.594706	0.672681	2.457260	1.675746	0.834416	2.748295	2.000625	1.553222	0.933408	1.282819	2.100298	2.202272	0.406971	1.299279	2.746475	2.061553	1.878330	1.917355	0.125000	1.858090	1.154340	2.900000	2.451148	1.542117	2.196161	0.375000	
1.601952	1.098294	0.696419	0.908983	1.838648	1.026219	1.206752	0.538516	1.623461	1.800694	2.104311	1.700184	0.695072	0.427200	1.910007	0.853302	1.408013	1.423464	1.285010	1.064483	0.437321	1.436358	1.614001	0.301040	0.425000	1.636498	2.360085	0.100000	0.626498	1.219119	
1.293493	1.093446	1.328768	1.134956	2.164486	0.500000	1.770770	0.838525	1.158123	2.225562	2.012461	1.544345	0.106066	0.548293	1.947113	1.353699	0.800391	1.231107	1.962301	1.470544	1.007782	1.579953	0.930390	1.012423	0.291548	2.220923	2.379732	0.673146	1.342805	0.550568	
0.333542	0.840387	1.833712	1.175266	1.905420	0.630971	2.023919	1.924188	0.055902	2.121320	1.150272	0.721543	1.235162	1.159741	1.288652	2.395438	0.474342	0.535023	2.435416	1.566246	1.995307	1.222957	0.750000	1.777815	1.276959	2.422421	1.607016	1.600781	2.100000	0.728869	
0.862047	0.687841	1.488498	0.831039	0.797653	1.425219	1.340009	2.253470	1.229837	1.086566	0.480885	0.496236	1.868154	1.386768	0.180278	2.545830	1.564649	0.673146	1.858259	0.933408	2.142574	0.335410	1.892254	1.733854	1.713549	1.584692	0.630971	1.810559	1.927596	1.704589	
1.290591	1.258223	1.971833	1.380444	0.905539	1.965960	1.711176	2.817024	1.657181	1.229075	0.514782	0.905539	2.435416	1.956559	0.395285	3.085855	2.053807	1.176063	2.228929	1.390144	2.690376	0.855132	2.366036	2.267157	2.284732	1.833712	0.125000	2.371840	2.427061	2.227246	
0.250000	0.452769	1.530114	0.800000	1.364047	0.862047	1.600781	1.949679	0.596343	1.597263	0.719809	0.246221	1.402007	1.075291	0.760345	2.345341	0.933408	0.070711	2.065188	1.133854	1.929378	0.691466	1.255488	1.606432	1.326885	1.959751	1.131923	1.546367	1.885802	1.104536	
2.439390	1.921100	1.140449	1.680216	2.448724	1.804508	1.621149	0.564026	2.438237	2.317461	2.916548	2.531057	1.300961	1.264170	2.687006	0.079057	2.161741	2.260669	1.400223	1.698897	0.403887	2.193171	2.301223	0.778621	1.138530	1.938105	3.130196	0.798827	0.704006	1.925649	
0.553399	0.637377	1.628650	0.906228	1.130542	1.231107	1.575198	2.229910	0.925000	1.408900	0.375000	0.167705	1.744456	1.345362	0.403887	2.580819	1.303840	0.431567	2.078762	1.129436	2.167083	0.555090	1.619413	1.796698	1.636498	1.868321	0.756637	1.803469	2.035927	1.480287	
2.069118	1.592561	1.004988	1.395081	2.268948	1.407347	1.526843	0.212132	2.047712	2.186893	2.599159	2.190462	0.903120	0.901388	2.401172	0.388104	1.761391	1.906895	1.439184	1.495201	0.127475	1.921100	1.902630	0.564026	0.740355	1.908042	2.850439	0.430116	0.680074	1.525205	
1.099147	1.195042	1.765113	1.376817	2.356109	0.395285	2.142574	1.352082	0.832166	2.482061	1.912132	1.442654	0.600000	0.945053	1.950000	1.875167	0.371652	1.152443	2.410005	1.768120	1.538059	1.697793	0.400780	1.510381	0.807001	2.589643	2.338402	1.195042	1.848141	0.103078	
1.619413	1.012423	0.302076	0.721110	1.510174	1.226020	0.813941	0.878208	1.727896	1.435705	1.969296	1.625000	1.046721	0.571183	1.717010	1.020110	1.612839	1.394633	0.919239	0.738664	0.650000	1.219887	1.867150	0.201556	0.761988	1.241219	2.156676	0.491172	0.431567	1.476482	
2.121615	1.587844	0.838153	1.343968	2.137317	1.528275	1.343968	0.460977	2.142574	2.026080	2.580819	2.199574	1.085415	0.948683	2.351197	0.375000	1.900000	1.934231	1.206752	1.376817	0.145774	1.858259	2.071835	0.445112	0.876427	1.700184	2.795085	0.502494	0.452769	1.684117	
1.879162	1.308148	1.011187	1.047020	0.498121	2.038535	0.506211	2.152324	2.186464	0.212132	1.637261	1.611870	2.174425	1.581139	1.256234	2.191033	2.343075	1.615936	0.919918	0.660019	1.895059	0.950329	2.670674	1.455378	1.910007	0.436606	1.520691	1.752855	1.423025	2.350798	
1.675746	1.026219	0.055902	0.682367	1.263428	1.423464	0.505594	1.175000	1.843909	1.152443	1.891098	1.608182	1.331353	0.797261	1.595306	1.241471	1.800174	1.425877	0.673146	0.530330	0.916856	1.097725	2.080415	0.475657	1.047020	0.933408	2.015099	0.800391	0.512957	1.700184	
1.525000	0.880696	0.201556	0.546008	1.249500	1.269350	0.594243	1.134956	1.686713	1.179248	1.777990	1.473516	1.209339	0.654313	1.500000	1.269350	1.644118	1.278916	0.828025	0.480885	0.910014	1.000000	1.927596	0.459619	0.928036	1.039832	1.930835	0.726722	0.596343	1.550202	
1.312440	0.781025	0.637377	0.604152	1.582127	0.845946	1.073546	0.840387	1.375909	1.584692	1.786232	1.386768	0.726722	0.190394	1.595501	1.165386	1.233390	1.118034	1.280625	0.826514	0.750000	1.129436	1.487027	0.450694	0.450694	1.522539	2.046033	0.395285	0.778621	1.097725	
1.375227	0.728869	0.350000	0.395285	1.182423	1.160011	0.645174	1.188486	1.546165	1.151086	1.634205	1.322167	1.165386	0.583095	1.366794	1.375000	1.526434	1.127497	0.951972	0.406971	0.995615	0.867828	1.820027	0.555090	0.893378	1.095730	1.803469	0.756637	0.738241	1.451293	
1.241471	0.637377	0.781025	0.395285	0.650481	1.376817	0.625500	1.739253	1.525819	0.715891	1.212693	1.035917	1.587648	1.001249	0.883530	1.927596	1.671077	0.972754	1.131923	0.201556	1.554429	0.406971	2.000000	1.110462	1.350231	0.962094	1.290349	1.298075	1.237942	1.690044	
1.154340	0.500000	0.579871	0.158114	1.076162	1.044330	0.750000	1.332760	1.352082	1.109617	1.402007	1.085415	1.171804	0.579871	1.149184	1.575793	1.386092	0.900000	1.140175	0.357946	1.180042	0.656220	1.697425	0.760345	0.926350	1.184536	1.592561	0.886707	0.972754	1.350926	
1.936653	1.279893	0.391312	0.927699	1.131371	1.790251	0.230489	1.516781	2.150872	0.930390	2.001250	1.800000	1.726630	1.184536	1.660196	1.480709	2.157110	1.672760	0.350892	0.602080	1.226020	1.196349	2.450128	0.824621	1.442221	0.559017	2.034853	1.179248	0.711073	2.077408	
0.682367	0.025000	1.052675	0.328824	1.155963	0.807001	1.165386	1.581336	0.917878	1.310773	1.025305	0.637377	1.176860	0.700446	0.873212	1.925162	1.060955	0.425000	1.603317	0.704450	1.511001	0.502494	1.393960	1.151629	1.017964	1.560849	1.319327	1.149184	1.415318	1.114955	
1.256234	1.044330	1.291559	1.085415	2.114829	0.471699	1.727896	0.848896	1.131923	2.177298	1.967867	1.500833	0.145774	0.503115	1.899013	1.358308	0.789383	1.187697	1.927596	1.423025	1.002809	1.530114	0.937083	0.986154	0.269258	2.178302	2.332515	0.656220	1.319327	0.550568	
0.895126	0.431567	1.118034	0.465027	0.750417	1.231107	1.025305	1.903943	1.219887	0.955249	0.831039	0.642748	1.587648	1.059481	0.548293	2.176149	1.453444	0.637377	1.530114	0.583631	1.776584	0.075000	1.788854	1.361295	1.401116	1.336273	0.992472	1.457738	1.553222	1.535008	
1.237437	0.579871	0.522015	0.226385	1.007782	1.150272	0.645174	1.375682	1.448491	1.019804	1.431127	1.142639	1.261200	0.667083	1.155692	1.585284	1.491643	0.977880	1.049405	0.261008	1.200521	0.656220	1.803469	0.765261	1.007782	1.078483	1.591383	0.934077	0.943398	1.456451	
1.431127	0.905884	0.625000	0.716327	1.668832	0.921954	1.100284	0.726722	1.480287	1.651704	1.910497	1.511622	0.715017	0.275000	1.715007	1.040433	1.309819	1.241219	1.255239	0.901388	0.625000	1.243483	1.546165	0.353553	0.430116	1.543535	2.165208	0.279508	0.691466	1.152443	
0.875357	1.185854	1.967867	1.449569	2.338402	0.515388	2.276236	1.718284	0.534439	2.510976	1.700184	1.256234	0.965984	1.170470	1.809178	2.233971	0.141421	1.013040	2.607921	1.856239	1.875167	1.654728	0.206155	1.782730	1.126111	2.709359	2.152324	1.507481	2.122499	0.333542	
1.050298	0.770146	1.125000	0.818917	1.845603	0.375832	1.515132	0.973717	0.996243	1.921100	1.715007	1.255488	0.412311	0.305164	1.628650	1.439184	0.760345	0.945053	1.770064	1.175266	1.044330	1.253994	0.995301	0.903466	0.325960	1.965006	2.065944	0.654313	1.243232	0.604669	
12	17	22	
12	17	22	
12	17	22	
12	17	22	
12	17	22	
12	17	22	
12	17	22	
12	17	22	
12	17	22	
12	17	22	
12	17	22	
12	17	22	
12	17	22	
12	17	22	
12	17	22	
12	17	22	
12	17	22	
12	17	22	
12	17	22	
12	17	22	
12	17	22	
12	17	22	
12	17	22	
12	17	22	
12	17	22	
12	17	22	
12	17	22	
12	17	22	
12	17	22	
12	17	22	
12	17	22	
12	17	22	
12	17	22	
12	17	22	
12	17	22	
12	17	22	
12	17	22	
12	17	22	
12	17	22	
12	17	22	
12	17	22	
12	17	22	
12	17	22	
12	17	22	
12	17	22	
12	17	22	
12	17	22	
12	17	22	
12	17	22	
12	17	22	
12	17	22	
12	17	22	
12	17	22	
12	17	22	
12	17	22	
12	17	22	
12	17	22	
12	17	22	
12	17	22	
12	17	22	
1.000000	1.000000	1.000000	
1.000000	1.000000	1.000000	
1.000000	1.000000	1.000000	
1.000000	1.000000	1.000000	
1.000000	1.000000	1.000000	
1.000000	1.000000	1.000000	
1.000000	1.000000	1.000000	
1.000000	1.000000	1.000000	
1.000000	1.000000	1.000000	
1.000000	1.000000	1.000000	
1.000000	1.000000	1.000000	
1.000000	1.000000	1.000000	
1.000000	1.000000	1.000000	
1.000000	1.000000	1.000000	
1.000000	1.000000	1.000000	
1.000000	1.000000	1.000000	
1.000000	1.000000	1.000000	
1.000000	1.000000	1.000000	
1.000000	1.000000	1.000000	
1.000000	1.000000	1.000000	
1.000000	1.000000	1.000000	
1.000000	1.000000	1.000000	
1.000000	1.000000	1.000000	
1.000000	1.000000	1.000000	
1.000000	1.000000	1.000000	
1.000000	1.000000	1.000000	
1.000000	1.000000	1.000000	
1.000000	1.000000	1.000000	
1.000000	1.000000	1.000000	
1.000000	1.000000	1.000000	
0.200000
288