150
30
3
1.616667	0.883333	0.183333	0.783333	0.816667	1.583333	1.133333	0.583333	1.066667	0.383333	1.283333	0.933333	1.600000	1.300000	0.716667	0.250000	1.133333	0.516667	1.150000	0.583333	0.700000	1.200000	0.283333	0.166667	0.216667	1.016667	0.900000	0.400000	1.533333	1.333333	1.533333	1.400000	0.750000	0.900000	1.266667	1.233333	0.850000	0.633333	0.483333	0.700000	0.433333	0.600000	0.700000	0.633333	0.333333	0.483333	1.116667	1.283333	0.883333	0.316667	0.283333	0.500000	0.766667	0.700000	0.216667	1.650000	0.550000	0.216667	0.366667	0.766667	0.416667	0.800000	0.800000	1.033333	0.850000	1.566667	0.633333	0.816667	0.716667	1.016667	0.533333	1.583333	0.933333	0.783333	0.166667	0.333333	1.300000	0.566667	0.683333	0.300000	0.650000	0.216667	1.450000	1.033333	1.550000	0.633333	1.333333	0.800000	1.216667	0.600000	0.233333	1.566667	0.533333	1.466667	0.850000	0.650000	1.216667	0.750000	1.016667	0.316667	0.866667	1.433333	1.150000	0.700000	0.950000	0.766667	0.533333	1.400000	1.316667	1.383333	1.200000	0.650000	0.633333	0.716667	0.550000	1.133333	0.833333	1.183333	1.000000	0.233333	0.250000	0.850000	1.016667	0.716667	1.133333	0.466667	0.533333	0.950000	0.516667	0.200000	0.766667	0.966667	0.783333	1.083333	0.516667	0.800000	0.266667	0.316667	0.583333	0.283333	1.500000	1.433333	0.166667	0.283333	0.166667	1.116667	1.266667	0.716667	0.933333	0.516667	
1.475847	0.025000	2.279528	1.325000	0.696419	1.888452	2.295920	1.854218	2.445915	1.353699	2.535005	1.667708	2.065188	1.125278	0.675463	0.831039	1.772005	1.567043	1.039832	1.755349	2.007642	1.128051	2.281584	2.902585	0.629484	2.079663	0.503115	2.070024	1.375909	1.345362	
1.320038	0.682825	1.621149	0.855862	0.055902	1.643358	1.651704	1.733854	1.865643	0.838525	1.895554	1.029866	1.450216	0.604669	0.305164	0.890225	1.428504	0.921954	0.381608	1.226020	1.470544	0.896172	1.746425	2.282132	0.630971	1.613420	0.522015	1.432873	0.715891	0.784618	
0.811249	1.270089	1.414214	0.103078	0.778621	0.986154	1.188486	1.184536	1.202601	1.286954	1.392839	1.110180	1.535008	1.123610	0.583095	0.848896	0.711512	0.594243	0.585235	0.500000	1.750893	0.480885	1.026219	1.698897	0.763217	0.855132	1.279893	0.951972	0.691466	0.176777	
1.076162	2.258456	1.662077	0.941077	1.804508	0.764853	1.140175	1.113833	0.649038	2.157835	1.162970	1.773415	2.075151	2.055480	1.597655	1.611094	0.575543	1.195042	1.550806	0.602080	2.427061	1.175266	0.357946	1.177391	1.664332	0.176777	2.310438	1.027740	1.475847	1.027740	
1.475847	0.350892	1.969772	1.162164	0.395285	1.852701	2.022993	1.879661	2.226264	1.032594	2.267157	1.346291	1.739612	0.801561	0.509902	0.905884	1.684117	1.293493	0.750000	1.565248	1.686898	1.077613	2.091202	2.652593	0.650000	1.929054	0.279508	1.804508	1.076162	1.131923	
2.530316	2.076355	0.903120	1.806239	1.437228	2.670791	1.410895	2.904522	1.976898	0.700446	1.600195	0.618971	0.325000	0.926350	1.732231	2.330772	2.356507	1.210372	1.252248	1.816762	0.111803	2.149564	2.089258	2.027468	2.095382	2.217121	1.607016	1.384061	1.030776	1.574206	
0.176777	1.503330	2.349069	0.906228	1.470757	0.512957	2.007642	0.350000	1.760149	2.176149	2.150145	2.080415	2.508610	1.971833	1.119431	0.675463	0.656220	1.556037	1.467353	1.152443	2.705781	0.548293	1.473516	2.319078	0.897566	1.130542	1.818310	1.792519	1.657181	1.140449	
1.248249	1.380444	1.025305	0.515388	0.710634	1.386092	0.936082	1.613420	1.162970	0.934077	1.175266	0.675463	1.097725	0.825379	0.728869	1.200260	1.081665	0.213600	0.369121	0.629484	1.326885	0.901388	1.093446	1.557241	1.039832	1.060660	1.213724	0.710634	0.270416	0.282843	
0.637377	1.185327	1.615743	0.190394	0.809707	0.877852	1.377725	1.030776	1.340009	1.415318	1.573412	1.290591	1.722099	1.231107	0.534439	0.664267	0.650481	0.794512	0.700446	0.625000	1.917355	0.279508	1.131923	1.857586	0.618971	0.905884	1.277204	1.142639	0.866747	0.378319	
0.150000	1.626730	2.223876	0.820061	1.500208	0.305164	1.849493	0.285044	1.566246	2.160006	1.977530	2.010752	2.427061	1.969296	1.162164	0.813941	0.456207	1.457738	1.445035	0.995301	2.653771	0.561805	1.274755	2.125000	1.000312	0.927699	1.892749	1.643358	1.594522	1.055047	
0.950329	1.399330	1.245492	0.213600	0.838153	1.065950	1.013040	1.300240	1.063015	1.234909	1.221167	0.990581	1.400893	1.098294	0.707990	1.025000	0.763217	0.436606	0.575543	0.395285	1.646398	0.651920	0.916856	1.540292	0.928036	0.801561	1.352082	0.776209	0.590021	0.050000	
0.798827	1.456237	1.377044	0.125000	0.961769	0.886707	1.082243	1.130542	1.030776	1.411559	1.267379	1.166726	1.570032	1.267379	0.772172	0.975000	0.583095	0.596343	0.735697	0.318198	1.825000	0.559017	0.840015	1.544345	0.925338	0.667083	1.467353	0.851469	0.770146	0.223607	
2.475126	1.866815	1.116076	1.776584	1.276959	2.660005	1.575793	2.865746	2.112019	0.498121	1.786232	0.656220	0.548293	0.735272	1.600195	2.204824	2.357568	1.241471	1.155692	1.856239	0.190394	2.074398	2.188892	2.223876	1.956559	2.275000	1.375227	1.510174	1.005609	1.555032	
1.516781	2.010752	0.715017	0.859142	1.345362	1.465009	0.333542	1.779220	0.602080	1.364734	0.548862	0.878208	1.118034	1.343968	1.338376	1.703856	1.142366	0.450694	0.995615	0.553399	1.494364	1.308625	0.673146	0.921954	1.601952	0.848528	1.840007	0.100000	0.738664	0.696419	
0.514782	1.332760	1.673507	0.223607	0.986471	0.705780	1.378632	0.883883	1.265158	1.574206	1.554228	1.410009	1.831154	1.397542	0.704006	0.721110	0.475000	0.873212	0.862047	0.561805	2.051828	0.279508	1.030776	1.802256	0.735272	0.770146	1.450862	1.150272	0.992472	0.458939	
0.869626	0.738241	1.808487	0.605186	0.515388	1.229075	1.690599	1.281601	1.750893	1.270089	1.911969	1.328768	1.770770	1.046721	0.160078	0.459619	1.064483	1.000625	0.625000	1.044330	1.867150	0.456207	1.565647	2.240675	0.251247	1.353006	0.883883	1.454519	0.928036	0.673146	
1.913929	1.954642	0.348210	1.179248	1.234909	1.965006	0.629484	2.242348	1.167262	0.917878	0.855132	0.369121	0.514782	0.990581	1.386092	1.904107	1.640122	0.529741	0.903466	1.061249	0.897566	1.600781	1.276959	1.298075	1.726630	1.430035	1.636498	0.570088	0.564026	0.948683	
0.425735	1.811077	2.544234	1.145098	1.779923	0.456207	2.153050	0.111803	1.825685	2.467919	2.266743	2.335193	2.752839	2.270050	1.431127	0.982980	0.731864	1.783606	1.754459	1.305038	2.975105	0.845946	1.526843	2.379732	1.212693	1.176063	2.134537	1.954002	1.917355	1.380444	
1.614001	2.519176	1.218862	1.204159	1.925649	1.375909	0.660019	1.726630	0.075000	2.040374	0.583631	1.550202	1.734395	2.007019	1.827738	2.024846	1.122776	1.092016	1.599414	0.761988	2.137756	1.582127	0.304138	0.550568	2.003902	0.654313	2.438237	0.676849	1.394633	1.160011	
1.479231	0.848896	1.465009	0.930390	0.158114	1.770946	1.556037	1.891593	1.833712	0.626498	1.804508	0.843356	1.251000	0.395285	0.496236	1.095730	1.529706	0.840015	0.302076	1.245492	1.257229	1.054751	1.748035	2.210204	0.840387	1.656804	0.550568	1.350926	0.585769	0.806226	
2.255272	2.022375	0.546008	1.518634	1.325943	2.354384	1.029866	2.610077	1.594718	0.742041	1.226020	0.357946	0.090139	0.910014	1.566246	2.140385	2.033624	0.886707	1.064483	1.472455	0.475657	1.901480	1.713549	1.659254	1.927596	1.858259	1.612839	1.004054	0.775403	1.282819	
1.750179	0.292617	2.326478	1.533175	0.778621	2.155226	2.408319	2.134391	2.615578	1.286954	2.653771	1.680774	2.043588	1.079352	0.873212	1.113833	2.020210	1.680216	1.133578	1.947434	1.927596	1.386092	2.474495	3.042409	0.900000	2.298097	0.378319	2.192316	1.450216	1.518634	
1.329003	2.290196	1.300240	0.957209	1.736555	1.100284	0.760345	1.450000	0.275000	1.950160	0.771767	1.505199	1.756595	1.885636	1.601757	1.755349	0.838525	0.975320	1.432000	0.520216	2.134537	1.310773	0.035355	0.831039	1.750179	0.375000	2.251944	0.682367	1.277204	0.950329	
1.204159	0.325960	2.050152	1.012423	0.500625	1.601757	2.019437	1.598828	2.140823	1.257229	2.253470	1.478386	1.900164	1.020110	0.371652	0.604152	1.467353	1.297112	0.800391	1.445035	1.903943	0.831039	1.970406	2.608759	0.357946	1.766529	0.583095	1.789029	1.140175	1.043132	
1.866313	1.250250	1.204159	1.218862	0.617454	2.102974	1.453444	2.270050	1.863129	0.176777	1.700000	0.531507	0.855132	0.111803	0.943398	1.547781	1.825171	0.853302	0.540833	1.414214	0.800391	1.451293	1.851520	2.135708	1.297112	1.845603	0.814325	1.296630	0.550568	1.027740	
0.617454	1.408900	1.559046	0.145774	1.000312	0.742041	1.252248	0.960469	1.144825	1.532359	1.426753	1.328768	1.740869	1.369535	0.752080	0.840387	0.467039	0.772172	0.831039	0.436606	1.980215	0.403887	0.919918	1.677982	0.832541	0.682367	1.485345	1.025000	0.919918	0.371652	
0.771767	0.872138	1.750714	0.477624	0.592663	1.110180	1.597655	1.185591	1.629801	1.310057	1.812457	1.312440	1.755349	1.096586	0.254951	0.477624	0.933408	0.930390	0.626498	0.919239	1.882319	0.348210	1.437228	2.128673	0.335410	1.219119	1.002809	1.360606	0.897566	0.571183	
0.928036	1.382932	1.270089	0.190394	0.831039	1.050298	1.037123	1.280625	1.079641	1.244237	1.244237	1.009022	1.421487	1.103687	0.691466	1.000625	0.750417	0.459619	0.577170	0.403887	1.663205	0.626997	0.928036	1.560649	0.905884	0.803508	1.343968	0.800391	0.605186	0.055902	
2.061553	1.684117	0.805062	1.343503	1.002809	2.218248	1.171804	2.440543	1.675746	0.406971	1.401116	0.201556	0.406971	0.561805	1.274019	1.866815	1.910007	0.782624	0.784618	1.397542	0.494975	1.677982	1.735655	1.844078	1.638025	1.815386	1.264911	1.075000	0.565685	1.114955	
0.403113	1.158123	1.898848	0.450000	0.962094	0.750417	1.637261	0.816241	1.532359	1.646398	1.819512	1.566246	2.001406	1.445035	0.625000	0.460977	0.626997	1.079352	0.937083	0.831039	2.180023	0.025000	1.290349	2.071382	0.529741	1.007782	1.364734	1.405569	1.141271	0.661910	
2.061553	1.380670	1.226020	1.408900	0.794119	2.294695	1.542117	2.465005	1.990760	0.025000	1.782730	0.570636	0.794119	0.246221	1.130542	1.733494	2.013237	1.001249	0.735272	1.583706	0.651920	1.646398	2.000625	2.223876	1.479231	2.015099	0.905539	1.407347	0.707107	1.211662	
1.652460	0.583631	1.826540	1.234150	0.364005	2.001562	1.945829	2.063522	2.214723	0.800000	2.194596	1.175266	1.540292	0.579871	0.637377	1.130542	1.800694	1.230091	0.686477	1.597263	1.451938	1.236932	2.112611	2.600481	0.866747	1.990603	0.160078	1.741407	0.972433	1.154340	
0.536773	1.051487	1.833371	0.419076	0.827647	0.878208	1.608182	0.950329	1.553222	1.520691	1.803122	1.465009	1.903943	1.315770	0.491172	0.436606	0.728011	1.007782	0.816241	0.840387	2.066549	0.111803	1.328768	2.079663	0.437321	1.070047	1.234150	1.372953	1.040733	0.600000	
1.657181	2.475884	1.073837	1.185854	1.858259	1.451938	0.515388	1.800694	0.090139	1.927596	0.445112	1.425877	1.594718	1.906076	1.785532	2.025154	1.179248	0.998123	1.522539	0.750417	2.001562	1.587648	0.382426	0.498121	1.985101	0.726722	2.366696	0.550568	1.296630	1.113833	
1.735655	0.480885	2.019437	1.382932	0.536773	2.107279	2.139655	2.140385	2.397003	0.958188	2.388122	1.364047	1.717010	0.752080	0.750417	1.162970	1.927596	1.421267	0.875000	1.764405	1.600781	1.333464	2.284732	2.791617	0.910014	2.146654	0.050000	1.933423	1.167262	1.323112	
1.741049	0.585235	1.900164	1.336507	0.467039	2.096575	2.036695	2.150581	2.314762	0.831039	2.285963	1.241219	1.590008	0.625000	0.731864	1.200521	1.900164	1.325236	0.784618	1.700184	1.475212	1.328768	2.215006	2.695019	0.939747	2.093591	0.079057	1.835245	1.061249	1.257229	
2.075602	2.579365	0.600000	1.456237	1.885802	1.952562	0.269258	2.289787	0.675463	1.710629	0.141421	1.162970	1.177391	1.761391	1.923538	2.304479	1.648105	0.991527	1.530523	1.100000	1.604875	1.902958	0.939747	0.525595	2.200568	1.249500	2.351197	0.506211	1.219887	1.296630	
1.011187	0.480885	2.252360	1.030776	0.783023	1.437228	2.150145	1.375227	2.186464	1.559848	2.370258	1.727896	2.161741	1.323112	0.527376	0.350000	1.364047	1.456022	1.025000	1.472455	2.198295	0.716327	1.979899	2.690376	0.230489	1.730065	0.890225	1.913929	1.353699	1.129436	
1.840007	1.175000	1.277204	1.211662	0.559017	2.090753	1.510381	2.246803	1.903943	0.223607	1.758195	0.605186	0.934077	0.035355	0.895126	1.497707	1.820027	0.887764	0.525595	1.430472	0.867828	1.421267	1.880990	2.191461	1.243483	1.860779	0.735272	1.346291	0.583631	1.030776	
1.255488	2.180023	1.256234	0.849264	1.625000	1.057414	0.735272	1.403567	0.340037	1.851520	0.783023	1.418846	1.688379	1.781327	1.491015	1.657181	0.776611	0.875357	1.322167	0.410030	2.057000	1.213724	0.127475	0.897566	1.644878	0.340037	2.140385	0.625000	1.175266	0.838525	
2.288695	2.287056	0.206155	1.557442	1.570430	2.316247	0.761577	2.605883	1.353237	1.098294	0.912414	0.604152	0.395285	1.234909	1.752855	2.283774	1.990289	0.910014	1.258968	1.400893	0.818917	1.982738	1.525819	1.325236	2.100000	1.732412	1.923051	0.816241	0.926350	1.329003	
0.285044	1.334166	1.910007	0.459619	1.114955	0.577170	1.600195	0.680074	1.434617	1.765113	1.764405	1.636498	2.062311	1.574206	0.789383	0.605186	0.458939	1.109617	1.050298	0.760345	2.269637	0.201556	1.175266	1.984471	0.704006	0.870704	1.535008	1.375909	1.215010	0.693271	
1.039832	2.191461	1.608765	0.869626	1.730787	0.753741	1.095730	1.104536	0.632949	2.084017	1.132751	1.703856	2.011374	1.980688	1.527457	1.556037	0.536773	1.123054	1.475847	0.527376	2.359290	1.117195	0.333542	1.175000	1.601757	0.103078	2.237465	0.972433	1.402230	0.952956	
0.583631	1.940522	1.955761	0.783023	1.634396	0.250000	1.504161	0.600521	1.125278	2.160150	1.589025	1.890106	2.263018	2.008109	1.350926	1.197132	0.176777	1.296389	1.470544	0.710634	2.555020	0.807001	0.825000	1.676678	1.312440	0.475657	2.100149	1.330883	1.513481	0.972754	
1.380670	1.457738	0.903120	0.645174	0.761988	1.505199	0.867828	1.741407	1.162164	0.859142	1.113833	0.548293	0.964689	0.781425	0.831039	1.327121	1.195042	0.145774	0.406971	0.704006	1.206752	1.035917	1.127497	1.515132	1.156774	1.133854	1.245492	0.656220	0.176777	0.410030	
0.928036	0.550000	2.167516	0.925338	0.738664	1.348379	2.051981	1.303840	2.081015	1.520896	2.270050	1.659254	2.096575	1.285739	0.450694	0.285044	1.264170	1.364276	0.952956	1.366794	2.150872	0.614919	1.873833	2.586624	0.125000	1.625000	0.908983	1.815386	1.275245	1.028652	
0.536773	1.051487	1.833371	0.419076	0.827647	0.878208	1.608182	0.950329	1.553222	1.520691	1.803122	1.465009	1.903943	1.315770	0.491172	0.436606	0.728011	1.007782	0.816241	0.840387	2.066549	0.111803	1.328768	2.079663	0.437321	1.070047	1.234150	1.372953	1.040733	0.600000	
0.760345	0.726722	2.202272	0.872138	0.866747	1.188486	2.040221	1.126111	2.017734	1.646587	2.247221	1.735655	2.177441	1.415097	0.538516	0.103078	1.131923	1.383158	1.030776	1.303840	2.261775	0.496236	1.792519	2.539931	0.180278	1.521923	1.085415	1.803122	1.333464	1.013040	
1.171804	0.880696	1.461592	0.625000	0.254951	1.454734	1.435705	1.582127	1.622498	0.884590	1.675187	0.933408	1.372953	0.675463	0.276134	0.863496	1.216553	0.707549	0.226385	0.980434	1.464795	0.750000	1.500208	2.050610	0.637377	1.372953	0.766893	1.210372	0.555090	0.538516	
1.407569	1.720465	0.770146	0.686477	1.043132	1.445035	0.596343	1.724094	0.879275	1.100284	0.835539	0.673146	1.009022	1.055047	1.062132	1.485345	1.120547	0.145774	0.691466	0.550568	1.330883	1.129436	0.878208	1.226020	1.353006	0.950329	1.535008	0.371652	0.443001	0.475000	
2.221627	2.300679	0.079057	1.497707	1.581139	2.229630	0.637377	2.526979	1.229837	1.167262	0.785016	0.645174	0.509902	1.285010	1.739612	2.251250	1.903943	0.859142	1.255488	1.311964	0.937083	1.931968	1.410009	1.200000	2.078762	1.627882	1.959751	0.707107	0.916856	1.274755	
0.629484	0.850000	2.150145	0.775403	0.903120	1.055047	1.958475	1.004988	1.908042	1.671264	2.158269	1.717010	2.160006	1.445035	0.555090	0.079057	0.999062	1.325236	1.021335	1.197132	2.269637	0.371652	1.675187	2.437340	0.246221	1.396648	1.175266	1.722099	1.304320	0.937083	
1.594718	1.962301	0.592663	0.900347	1.274755	1.578369	0.355317	1.880990	0.750000	1.225765	0.601041	0.725431	0.961769	1.221167	1.308148	1.722099	1.252996	0.375000	0.919918	0.660492	1.336273	1.350000	0.831039	1.012423	1.597263	0.992472	1.754459	0.158114	0.630971	0.707107	
1.565647	0.600000	1.755883	1.131923	0.261008	1.907387	1.856239	1.978004	2.114976	0.781425	2.104311	1.114955	1.496036	0.550568	0.546008	1.065950	1.701654	1.136332	0.590021	1.494364	1.435705	1.147007	2.010286	2.506616	0.800391	1.887624	0.257391	1.648674	0.886707	1.051487	
1.015197	1.219887	1.275245	0.313249	0.632456	1.200521	1.129712	1.396648	1.250000	1.073546	1.355083	0.908983	1.341641	0.917197	0.535023	0.950329	0.919239	0.450694	0.382426	0.601041	1.540495	0.650000	1.119431	1.702939	0.807001	1.004988	1.147007	0.894427	0.485412	0.158114	
2.836371	2.256380	1.202341	2.121320	1.671264	2.993848	1.730787	3.218113	2.304479	0.893378	1.908042	0.945053	0.642748	1.130542	1.990132	2.594224	2.682466	1.540292	1.532359	2.149564	0.282843	2.445020	2.423324	2.325538	2.348537	2.552082	1.756417	1.715554	1.343503	1.892254	
1.904107	2.541776	0.794512	1.337208	1.874166	1.746783	0.285044	2.090006	0.430116	1.802776	0.106066	1.267379	1.353699	1.822430	1.865811	2.191603	1.453444	0.973717	1.521923	0.941409	1.775704	1.772005	0.705780	0.403113	2.113350	1.030776	2.362335	0.460977	1.241219	1.209339	
1.758195	1.708801	0.594243	1.020417	0.989002	1.856913	0.784618	2.110095	1.250250	0.735272	1.028652	0.230489	0.590021	0.770146	1.152443	1.690044	1.538059	0.388909	0.661910	0.991527	0.883883	1.416201	1.304320	1.467353	1.500208	1.397542	1.395081	0.654313	0.325960	0.784618	
2.080415	1.858259	0.575543	1.345595	1.154340	2.192316	0.977880	2.440415	1.513275	0.636396	1.196349	0.176777	0.269258	0.772172	1.386092	1.958475	1.874166	0.725000	0.883883	1.325236	0.561805	1.721918	1.604875	1.637834	1.746783	1.724094	1.467353	0.912414	0.594243	1.110180	
2.616534	1.981161	1.191900	1.917355	1.409122	2.800112	1.675746	3.007075	2.223876	0.626997	1.877665	0.784618	0.612883	0.863496	1.736555	2.341207	2.496623	1.375227	1.296389	1.990132	0.190394	2.215429	2.311114	2.310979	2.091202	2.406372	1.480287	1.623461	1.145098	1.695029	
2.336798	2.221064	0.375832	1.599414	1.513275	2.395047	0.917197	2.671259	1.504161	0.970824	1.082243	0.530330	0.223607	1.129712	1.726630	2.281036	2.070024	0.950329	1.225255	1.488707	0.642748	2.008109	1.659254	1.500000	2.082366	1.843909	1.829105	0.943398	0.908639	1.365650	
0.559017	2.025154	2.484074	1.171537	1.908042	0.313249	2.048322	0.190394	1.659254	2.544725	2.134391	2.351197	2.749659	2.362864	1.573412	1.201041	0.638847	1.773415	1.831154	1.231107	3.007075	0.972433	1.358308	2.201278	1.405569	1.015197	2.304886	1.868321	1.947434	1.397542	
0.806226	0.697316	1.980688	0.710634	0.656220	1.202341	1.843400	1.206752	1.866313	1.428504	2.058671	1.505199	1.946953	1.200260	0.313249	0.291548	1.083109	1.167262	0.800391	1.152443	2.035927	0.436606	1.662077	2.371840	0.090139	1.421487	0.948683	1.606432	1.104536	0.817389	
1.529706	0.226385	2.522524	1.491643	0.941077	1.958475	2.517563	1.879162	2.634032	1.601757	2.752839	1.917192	2.316382	1.375000	0.870704	0.863134	1.880990	1.792345	1.276959	1.930835	2.254994	1.231107	2.452040	3.108155	0.726722	2.226123	0.728011	2.288149	1.615549	1.540495	
1.729523	2.250000	0.630971	1.098294	1.573412	1.636498	0.103078	1.964688	0.529741	1.511001	0.305164	0.986471	1.133854	1.520896	1.582127	1.947113	1.322167	0.671751	1.219887	0.753741	1.541509	1.545356	0.707990	0.707549	1.848141	0.964689	2.058215	0.160078	0.936082	0.942404	
1.669019	2.570627	1.221167	1.258223	1.972308	1.426972	0.664267	1.777815	0.111803	2.071835	0.566789	1.575198	1.746425	2.043588	1.879162	2.080415	1.176860	1.130542	1.643548	0.816241	2.153631	1.637834	0.357946	0.500000	2.058215	0.707107	2.484074	0.700000	1.432000	1.210372	
1.530114	0.070711	2.367620	1.407569	0.784618	1.948236	2.386027	1.900658	2.532908	1.425877	2.625000	1.752320	2.146072	1.200260	0.761988	0.875357	1.842044	1.657181	1.129436	1.840007	2.078762	1.195042	2.365639	2.991760	0.691466	2.158848	0.553399	2.160006	1.465009	1.432873	
0.230489	1.700184	2.298097	0.905884	1.589025	0.285044	1.912132	0.195256	1.607016	2.250000	2.032548	2.096724	2.510976	2.059430	1.249500	0.880696	0.500000	1.539683	1.535008	1.061249	2.741464	0.650000	1.311726	2.164486	1.077613	0.961769	1.976898	1.710263	1.681703	1.140175	
1.811250	0.887764	1.605070	1.283793	0.447214	2.119257	1.796176	2.225000	2.136001	0.502494	2.046033	0.936082	1.264911	0.302076	0.797653	1.361295	1.882817	1.119431	0.629484	1.584692	1.150272	1.386542	2.074398	2.469818	1.096016	2.002498	0.406971	1.612452	0.828025	1.151086	
1.480709	2.340139	1.137157	1.030776	1.745888	1.278916	0.585769	1.626730	0.125000	1.880990	0.581485	1.405569	1.621149	1.838648	1.648674	1.860779	1.002809	0.921954	1.421487	0.590021	2.013082	1.420607	0.223607	0.673146	1.831154	0.555090	2.258871	0.546008	1.225765	0.980115	
1.627882	0.257391	2.557953	1.570032	0.975000	2.055633	2.572572	1.978952	2.706127	1.600195	2.810360	1.940522	2.330370	1.378632	0.937083	0.961769	1.973100	1.844587	1.319327	2.007019	2.250555	1.323112	2.530316	3.172637	0.817389	2.310979	0.707107	2.345341	1.655295	1.608765	
1.405569	1.021335	1.281601	0.783023	0.302076	1.655295	1.343503	1.810559	1.622113	0.637377	1.591383	0.700000	1.131923	0.447214	0.522015	1.119431	1.391492	0.625000	0.100000	1.054751	1.207528	0.990581	1.546165	1.995307	0.886002	1.475212	0.765261	1.136332	0.381608	0.625500	
1.906895	1.154340	1.362213	1.296630	0.590021	2.170397	1.610318	2.316247	2.007019	0.225000	1.857586	0.689656	0.989002	0.075000	0.938416	1.535008	1.905420	0.990581	0.608790	1.528275	0.878208	1.485135	1.982738	2.291970	1.275980	1.957837	0.686477	1.448491	0.686477	1.122776	
0.917878	0.855132	1.631908	0.492443	0.450694	1.231107	1.520896	1.330883	1.609542	1.150272	1.745888	1.164313	1.607210	0.938416	0.167705	0.618466	1.025000	0.824621	0.469707	0.915492	1.724094	0.493077	1.442221	2.085216	0.427931	1.258223	0.901388	1.285739	0.756637	0.515388	
1.808660	1.480709	0.875000	1.098294	0.776611	1.980057	1.119431	2.192031	1.559848	0.406971	1.364047	0.213600	0.626997	0.442295	1.025000	1.612839	1.677982	0.588430	0.529741	1.193995	0.745822	1.421487	1.579953	1.802256	1.388569	1.621149	1.107362	0.976281	0.325960	0.875000	
1.930026	2.135708	0.246221	1.216553	1.420607	1.925649	0.400780	2.226264	0.972433	1.163239	0.612883	0.614919	0.691466	1.226020	1.528275	2.002498	1.600195	0.602080	1.073837	1.007782	1.104536	1.659254	1.123610	1.055047	1.849493	1.325943	1.850676	0.410030	0.738241	1.002809	
2.401041	2.136879	0.600521	1.664332	1.450216	2.497624	1.122776	2.755222	1.700184	0.817389	1.302162	0.498121	0.055902	1.006541	1.701654	2.280351	2.176149	1.030776	1.201301	1.611094	0.412311	2.046491	1.833712	1.725724	2.064128	1.990760	1.710263	1.119431	0.919239	1.428504	
1.877665	2.386027	0.585235	1.250250	1.700368	1.772005	0.070711	2.104311	0.575543	1.583114	0.180278	1.044031	1.131923	1.612452	1.724094	2.098362	1.461592	0.800391	1.345362	0.901388	1.551813	1.697425	0.800391	0.617454	1.996246	1.084551	2.176149	0.302076	1.046721	1.091444	
0.474342	1.707703	1.811250	0.538516	1.383158	0.371652	1.407347	0.664267	1.122776	1.923051	1.528275	1.681703	2.071986	1.764405	1.102554	1.000000	0.075000	1.096586	1.226020	0.561805	2.343075	0.581485	0.838153	1.681703	1.086566	0.503115	1.850676	1.209597	1.290349	0.742041	
1.090011	0.941077	1.442654	0.525000	0.353553	1.360606	1.380670	1.497707	1.540292	0.955249	1.615936	0.951972	1.394633	0.755811	0.285044	0.831039	1.118034	0.660019	0.257391	0.886707	1.513481	0.672681	1.409122	1.981161	0.625500	1.274755	0.862047	1.151086	0.550568	0.447214	
2.600120	1.997655	1.138530	1.895554	1.411559	2.776013	1.626730	2.987997	2.178302	0.632456	1.826540	0.749166	0.559017	0.869626	1.733854	2.338402	2.470324	1.342805	1.285010	1.957358	0.134629	2.202272	2.270050	2.258871	2.090753	2.371181	1.501874	1.578765	1.120547	1.671077	
0.540833	1.961186	2.088211	0.873212	1.701654	0.134629	1.638788	0.480885	1.252248	2.258456	1.722099	2.007019	2.386551	2.098362	1.402007	1.188486	0.270416	1.415980	1.559848	0.840015	2.670674	0.831039	0.951315	1.800174	1.328768	0.604669	2.152324	1.464795	1.622498	1.076162	
0.682825	0.873212	2.350133	0.965013	1.060955	1.119431	2.153050	1.004988	2.081015	1.839327	2.349069	1.910007	2.352791	1.608765	0.726722	0.127475	1.117195	1.525205	1.209597	1.375909	2.449745	0.536773	1.837457	2.617370	0.375000	1.542927	1.269350	1.917192	1.500417	1.134956	
1.467353	2.283774	1.075291	0.985203	1.680774	1.286954	0.530330	1.631908	0.180278	1.806239	0.553399	1.330883	1.550806	1.765290	1.592561	1.823630	1.000000	0.848896	1.353237	0.548862	1.940522	1.386542	0.265754	0.696419	1.785007	0.570088	2.192744	0.474342	1.152443	0.921954	
0.776611	1.745888	1.476482	0.419076	1.286954	0.694622	1.068878	1.004054	0.840387	1.707703	1.200000	1.400893	1.768120	1.578765	1.077033	1.160011	0.369121	0.805062	1.054751	0.223607	2.066549	0.715017	0.590021	1.391492	1.171537	0.348210	1.789728	0.869626	1.040733	0.530330	
0.700446	1.256234	1.520691	0.090139	0.825379	0.894427	1.274755	1.078483	1.245492	1.380670	1.470544	1.220656	1.646587	1.208305	0.585235	0.766893	0.637377	0.704006	0.670820	0.531507	1.858259	0.375832	1.046721	1.758195	0.710634	0.840387	1.311726	1.039832	0.800391	0.285044	
1.873833	1.408013	1.009022	1.185854	0.731864	2.073192	1.276959	2.267157	1.714825	0.251247	1.520896	0.336341	0.682367	0.305164	1.021335	1.622113	1.779923	0.728869	0.555090	1.322167	0.704450	1.472455	1.726630	1.959751	1.384061	1.752320	0.998123	1.133854	0.443001	0.973717	
1.011187	1.706239	1.185591	0.403113	1.147007	0.991527	0.825000	1.286954	0.760345	1.456237	0.995301	1.110462	1.468205	1.352082	1.015197	1.253994	0.665676	0.514782	0.859142	0.103078	1.775528	0.831039	0.604152	1.265158	1.200260	0.534439	1.662077	0.604669	0.776209	0.357946	
1.852363	1.054751	1.437228	1.267379	0.512957	2.130874	1.659254	2.263846	2.033009	0.325000	1.908042	0.765261	1.083109	0.125000	0.866386	1.456451	1.875000	1.013040	0.583631	1.525000	0.977880	1.428504	1.994054	2.338402	1.195042	1.951442	0.588430	1.487658	0.711512	1.107079	
0.175000	1.302162	2.128673	0.673146	1.209339	0.601041	1.825171	0.577170	1.644688	1.910497	1.987775	1.826540	2.258871	1.706239	0.860959	0.498121	0.602080	1.320275	1.202601	0.982980	2.445020	0.282843	1.375909	2.198295	0.675463	1.054751	1.576587	1.600781	1.402007	0.901388	
2.500125	1.752320	1.328533	1.831154	1.227294	2.718915	1.761391	2.900970	2.276236	0.459619	1.981161	0.801561	0.772172	0.680074	1.570032	2.170973	2.428220	1.353006	1.171537	1.960867	0.410030	2.087163	2.330370	2.422034	1.913766	2.387729	1.241219	1.675187	1.086566	1.622113	
1.480920	0.632949	1.688564	1.029866	0.158114	1.814180	1.768120	1.894235	2.015564	0.776209	2.015254	1.061249	1.457738	0.539676	0.459619	1.007782	1.603122	1.044330	0.496236	1.391492	1.426753	1.059481	1.908042	2.413504	0.742462	1.784657	0.357946	1.557241	0.805062	0.948683	
1.027740	2.083867	1.469906	0.749166	1.594718	0.803508	0.973717	1.151086	0.577170	1.927596	1.037123	1.546165	1.858259	1.827738	1.409122	1.488707	0.534439	0.965013	1.328768	0.375000	2.202555	1.044330	0.285044	1.134956	1.511001	0.090139	2.105053	0.832541	1.245492	0.809707	
1.612452	2.105053	0.654313	0.961769	1.432000	1.546165	0.230489	1.865811	0.577170	1.407347	0.450694	0.900347	1.100284	1.402007	1.436358	1.806931	1.226020	0.531507	1.079641	0.642748	1.491643	1.410895	0.694622	0.840015	1.703856	0.905884	1.920937	0.025000	0.806226	0.798827	
1.308148	1.141271	1.182423	0.637377	0.442295	1.522539	1.187697	1.702939	1.442437	0.750417	1.432873	0.673146	1.116076	0.594243	0.550568	1.109617	1.244237	0.459619	0.090139	0.876427	1.255488	0.910014	1.364276	1.827738	0.903120	1.300240	0.936082	0.972433	0.276134	0.456207	
0.474342	1.926460	2.482061	1.131371	1.835245	0.328824	2.064128	0.079057	1.701654	2.490607	2.162319	2.319078	2.725459	2.302851	1.495201	1.100000	0.640800	1.750000	1.775704	1.231107	2.969848	0.896172	1.400893	2.250139	1.311726	1.052675	2.219234	1.875667	1.909188	1.362213	
0.382426	1.110180	2.018818	0.575543	0.999062	0.781425	1.764405	0.790569	1.654728	1.714825	1.946953	1.666021	2.104311	1.505199	0.648556	0.355317	0.707549	1.196349	1.015197	0.956883	2.267432	0.125000	1.407569	2.196161	0.477624	1.114955	1.364276	1.532359	1.241471	0.781425	
2.418677	2.192316	0.550568	1.680774	1.500208	2.503123	1.085415	2.766993	1.668270	0.883530	1.256234	0.534439	0.103078	1.068000	1.743022	2.316247	2.180166	1.040433	1.241219	1.608765	0.474342	2.071382	1.811767	1.675000	2.104311	1.980057	1.772005	1.095730	0.948683	1.445035	
1.418185	1.274755	1.037123	0.715017	0.561805	1.601757	1.078483	1.803469	1.384061	0.687841	1.326885	0.529741	0.972433	0.575000	0.700446	1.255488	1.308864	0.369121	0.213600	0.880696	1.136332	1.033501	1.336507	1.735115	1.052675	1.311726	1.027740	0.875000	0.127475	0.503115	
1.319327	0.738664	1.565647	0.826514	0.050000	1.631334	1.597263	1.732953	1.817966	0.806226	1.841535	0.977880	1.400893	0.575543	0.318198	0.915492	1.408013	0.867828	0.325960	1.185854	1.431127	0.894427	1.703856	2.229910	0.660492	1.578765	0.561805	1.379311	0.660019	0.743303	
1.623461	0.235850	2.534758	1.555032	0.951972	2.050000	2.551960	1.977530	2.689098	1.575198	2.790161	1.916377	2.305699	1.353699	0.919239	0.958188	1.963734	1.823630	1.297112	1.991231	2.225562	1.313868	2.515080	3.153768	0.807775	2.298097	0.682367	2.325134	1.632674	1.590990	
1.175266	1.952562	1.125000	0.645174	1.375909	1.068000	0.673146	1.394633	0.512957	1.604875	0.800391	1.193995	1.497707	1.528275	1.261200	1.487027	0.752080	0.629484	1.068000	0.213600	1.845603	1.053862	0.382426	1.028652	1.445035	0.445112	1.891098	0.493077	0.925338	0.596343	
1.267379	0.471699	1.842044	0.933408	0.275000	1.631908	1.845434	1.676305	2.015099	1.035917	2.085216	1.256234	1.675000	0.798827	0.279508	0.745822	1.455378	1.116356	0.594243	1.342805	1.679658	0.859142	1.869826	2.457768	0.480234	1.700184	0.480885	1.620378	0.933408	0.915492	
1.290591	0.838525	1.470544	0.750417	0.145774	1.581139	1.491643	1.702388	1.715007	0.785016	1.735655	0.900000	1.330883	0.565685	0.335410	0.939747	1.343968	0.761988	0.223607	1.092016	1.388569	0.866747	1.606432	2.123970	0.696419	1.492062	0.660019	1.273283	0.561805	0.649038	
2.125000	2.823230	0.975320	1.599414	2.156965	1.926460	0.548862	2.275549	0.552268	2.061553	0.302076	1.518634	1.553222	2.093144	2.145052	2.452167	1.653028	1.256234	1.804508	1.185854	1.980688	2.024846	0.853302	0.150000	2.384586	1.201041	2.643979	0.743303	1.520074	1.484082	
2.013082	2.247499	0.195256	1.308625	1.532359	1.990132	0.371652	2.298097	0.962094	1.256234	0.550568	0.707549	0.726722	1.328768	1.638025	2.105350	1.666021	0.707107	1.185591	1.073837	1.150000	1.754459	1.140175	0.986471	1.956559	1.366794	1.960230	0.445112	0.850000	1.100284	
2.066549	1.270089	1.382932	1.448491	0.745822	2.325941	1.680774	2.475505	2.108613	0.176777	1.924188	0.721110	0.951972	0.223607	1.096586	1.690599	2.057000	1.102554	0.761577	1.662077	0.776611	1.645068	2.101339	2.363525	1.430035	2.093144	0.775000	1.535008	0.800391	1.267379	
1.044330	1.044330	1.380670	0.427931	0.460977	1.286954	1.286954	1.445035	1.430035	1.000000	1.518634	0.933408	1.375682	0.816241	0.369121	0.859142	1.030776	0.577170	0.285044	0.775403	1.525819	0.640312	1.297353	1.876832	0.679154	1.167262	0.972433	1.054751	0.515388	0.335410	
1.000000	0.480885	2.104311	0.919239	0.640800	1.410895	2.013237	1.386092	2.071986	1.421487	2.236767	1.578171	2.012616	1.185591	0.378319	0.380789	1.305038	1.312440	0.875000	1.361295	2.055480	0.656220	1.876832	2.566247	0.152069	1.643358	0.806226	1.777815	1.204159	0.999062	
0.425735	1.811077	2.544234	1.145098	1.779923	0.456207	2.153050	0.111803	1.825685	2.467919	2.266743	2.335193	2.752839	2.270050	1.431127	0.982980	0.731864	1.783606	1.754459	1.305038	2.975105	0.845946	1.526843	2.379732	1.212693	1.176063	2.134537	1.954002	1.917355	1.380444	
1.693554	0.950329	1.442221	1.122776	0.355317	1.978004	1.610124	2.105499	1.945829	0.443001	1.860108	0.782624	1.147279	0.206155	0.707107	1.300240	1.728077	0.929045	0.450000	1.403567	1.093446	1.269350	1.887624	2.281721	1.040433	1.825171	0.536773	1.423464	0.638847	0.975320	
1.776584	1.491643	0.845946	1.061249	0.781425	1.940522	1.073837	2.156965	1.510174	0.456207	1.319327	0.201556	0.632949	0.480234	1.015197	1.597263	1.636498	0.539676	0.515388	1.147007	0.778621	1.393960	1.530114	1.756595	1.377725	1.573412	1.131923	0.927699	0.285044	0.835539	
0.340037	1.290591	2.392697	0.937083	1.347683	0.750000	2.100595	0.583631	1.913439	2.090753	2.263846	2.057304	2.495245	1.874166	0.992472	0.467039	0.840387	1.576587	1.400893	1.258968	2.655772	0.506211	1.638788	2.469059	0.715891	1.308148	1.644878	1.875167	1.632674	1.158123	
1.900164	2.450128	0.649038	1.291559	1.769181	1.776584	0.145774	2.113203	0.531507	1.662077	0.106066	1.123054	1.204159	1.690044	1.783606	2.143158	1.471394	0.867828	1.414655	0.925338	1.625769	1.735655	0.776611	0.538516	2.048475	1.077033	2.248472	0.360555	1.120547	1.142366	
1.402007	2.427061	1.407569	1.090011	1.884808	1.131923	0.855132	1.482608	0.291548	2.100000	0.825379	1.648105	1.884808	2.037462	1.741049	1.866313	0.901388	1.126111	1.583114	0.660492	2.270050	1.421267	0.134629	0.801561	1.875167	0.427200	2.400130	0.807775	1.428504	1.096586	
0.851469	0.637377	2.034853	0.781025	0.665676	1.256234	1.908042	1.245492	1.936653	1.445035	2.125000	1.545356	1.985730	1.213724	0.340037	0.282843	1.147007	1.225765	0.838525	1.222957	2.061553	0.498121	1.732772	2.440927	0.025000	1.491015	0.919239	1.671264	1.151086	0.883530	
1.725181	2.311385	0.716327	1.123054	1.644878	1.607210	0.160078	1.941649	0.436606	1.607210	0.261008	1.085415	1.231107	1.611870	1.636498	1.976424	1.299279	0.745822	1.293493	0.750417	1.640503	1.564649	0.637377	0.625000	1.889610	0.916856	2.135708	0.235850	1.020417	0.983933	
1.106797	2.143887	1.432000	0.806226	1.638025	0.876427	0.922293	1.225255	0.500625	1.941166	0.972433	1.542117	1.839327	1.850169	1.464795	1.562050	0.612883	0.970824	1.361295	0.406971	2.193171	1.117195	0.206155	1.057414	1.578171	0.152069	2.150581	0.795692	1.258968	0.848896	
1.775528	1.660196	0.648556	1.040433	0.941077	1.891593	0.863496	2.135708	1.325943	0.656220	1.107079	0.167705	0.570636	0.695072	1.125000	1.677051	1.575793	0.430116	0.626997	1.041933	0.832166	1.421487	1.372953	1.546165	1.478386	1.454519	1.331353	0.731864	0.304138	0.805062	
1.912132	1.350926	1.113833	1.243483	0.704006	2.130874	1.388569	2.311385	1.820886	0.152069	1.632674	0.442295	0.752080	0.213600	1.017657	1.622113	1.844756	0.825379	0.583631	1.407347	0.711512	1.502706	1.825171	2.071382	1.375909	1.838648	0.917197	1.243232	0.530330	1.040733	
0.529741	1.421487	1.645068	0.230489	1.054751	0.660492	1.325236	0.870704	1.185327	1.612452	1.492062	1.418185	1.830983	1.444386	0.785016	0.805062	0.403113	0.862047	0.906228	0.491172	2.068363	0.360555	0.945053	1.726992	0.825379	0.680074	1.528275	1.101136	1.007782	0.460977	
1.767767	2.198010	0.515388	1.104536	1.507689	1.703856	0.125000	2.023919	0.656220	1.399330	0.375000	0.867828	1.006541	1.420607	1.542927	1.941649	1.384061	0.610328	1.152443	0.800391	1.414214	1.555032	0.820061	0.805062	1.826369	1.055047	1.981161	0.152069	0.851469	0.927699	
0.525595	1.955761	2.560395	1.202601	1.889610	0.406971	2.143158	0.111803	1.777815	2.555020	2.240675	2.391783	2.800112	2.364450	1.546165	1.127497	0.719809	1.825171	1.840007	1.309819	3.040765	0.950329	1.476906	2.325000	1.348379	1.129436	2.263018	1.954642	1.980215	1.434617	
1.710263	2.584811	1.179248	1.280625	1.976898	1.475847	0.625000	1.826540	0.125000	2.055024	0.515388	1.551813	1.711176	2.033009	1.893575	2.109502	1.220912	1.123610	1.644118	0.840015	2.121320	1.668270	0.403113	0.450694	2.081015	0.753741	2.486966	0.676849	1.423025	1.222957	
0.382426	1.850000	2.381832	1.025305	1.736555	0.251247	1.971199	0.100000	1.625000	2.386027	2.075602	2.213171	2.620234	2.199574	1.399330	1.027740	0.546008	1.645068	1.671264	1.132751	2.863782	0.798827	1.325236	2.177298	1.229075	0.975000	2.128673	1.779220	1.803122	1.256234	
0.553399	0.982344	1.904107	0.506211	0.818917	0.925000	1.692077	0.965660	1.643358	1.538871	1.889610	1.513481	1.954642	1.326885	0.469707	0.348210	0.798827	1.077613	0.845946	0.930390	2.101488	0.152069	1.418185	2.169245	0.357946	1.155692	1.196349	1.456237	1.091444	0.676849	
1.553222	0.190394	2.170397	1.320038	0.596343	1.951442	2.221627	1.944544	2.410005	1.200260	2.464878	1.542117	1.927596	0.976281	0.660019	0.934077	1.809178	1.491643	0.950329	1.736555	1.852701	1.179248	2.263846	2.846160	0.704006	2.084616	0.335410	2.001406	1.277693	1.310773	
2.230050	1.854218	0.761577	1.505199	1.181630	2.371181	1.201041	2.603483	1.739612	0.525595	1.414214	0.320156	0.257391	0.715891	1.456022	2.048322	2.058215	0.915492	0.965660	1.526434	0.347311	1.852363	1.827054	1.853712	1.820027	1.934231	1.418846	1.138530	0.730154	1.273283	
0.530330	1.903943	1.985101	0.775403	1.615743	0.201556	1.542117	0.550000	1.175000	2.158269	1.632674	1.901480	2.280488	2.001406	1.325000	1.151629	0.167705	1.310057	1.463087	0.735272	2.565395	0.770146	0.875357	1.727896	1.274019	0.525000	2.075151	1.364047	1.518634	0.973717	
0.825000	0.654313	2.082366	0.805062	0.721110	1.237437	1.945829	1.212693	1.960230	1.500833	2.160150	1.598828	2.039608	1.269350	0.395285	0.230489	1.142366	1.270089	0.892328	1.245492	2.117339	0.492443	1.750179	2.469818	0.035355	1.500000	0.962094	1.708801	1.202341	0.919239	
1.587648	1.688379	0.651920	0.850368	0.977880	1.665083	0.680074	1.927596	1.082243	0.883883	0.930054	0.427200	0.778621	0.873212	1.079352	1.575793	1.343968	0.201556	0.626498	0.790569	1.085415	1.267379	1.113833	1.355083	1.408013	1.196349	1.432000	0.506211	0.301040	0.617454	
1.075291	1.274755	1.200260	0.355317	0.660019	1.241219	1.062132	1.450000	1.206493	1.040733	1.290591	0.845946	1.275000	0.897566	0.596343	1.025305	0.950329	0.375832	0.375000	0.583631	1.485345	0.719809	1.091444	1.646398	0.879275	1.000312	1.175266	0.828025	0.425735	0.152069	
2.121615	2.166218	0.160078	1.391492	1.446764	2.149564	0.642748	2.438237	1.226020	1.046721	0.825000	0.515388	0.450694	1.155692	1.609542	2.128673	1.823630	0.745822	1.122776	1.235162	0.875357	1.819512	1.380670	1.256234	1.951442	1.574206	1.826540	0.665676	0.785016	1.164313	
1.675187	1.110180	1.248249	1.044629	0.436606	1.923051	1.421487	2.080865	1.779220	0.371652	1.671264	0.594243	0.980115	0.182003	0.750417	1.355083	1.653217	0.759111	0.357946	1.275980	0.980434	1.258223	1.739612	2.096575	1.107079	1.704589	0.728869	1.241219	0.459619	0.867828	
2.125147	2.634862	0.626997	1.510381	1.940522	1.995777	0.325000	2.334524	0.700446	1.755883	0.167705	1.207528	1.206493	1.810559	1.979425	2.359290	1.693554	1.047020	1.585284	1.150272	1.634396	1.956559	0.972754	0.500625	2.256241	1.288652	2.404423	0.561805	1.273283	1.352082	
2.229910	2.292651	0.103078	1.504161	1.573412	2.242348	0.660019	2.537962	1.252248	1.149184	0.809707	0.630971	0.485412	1.270089	1.736555	2.252221	1.916540	0.863134	1.250250	1.325000	0.912414	1.936653	1.430035	1.225000	2.077408	1.644878	1.947434	0.725000	0.912414	1.279893	
1.185327	0.755811	1.576587	0.707107	0.182003	1.497707	1.560649	1.598828	1.740869	0.915492	1.800174	1.026219	1.460522	0.691466	0.201556	0.806226	1.278916	0.832166	0.328824	1.086566	1.523155	0.760345	1.610124	2.174425	0.561805	1.467353	0.667083	1.335337	0.667083	0.648556	
1.766529	1.782730	0.522015	1.028652	1.063602	1.843909	0.696419	2.107872	1.175266	0.822344	0.939415	0.300000	0.601041	0.860233	1.209339	1.731509	1.521923	0.381608	0.728011	0.960469	0.929045	1.439184	1.243232	1.378858	1.550806	1.355083	1.480076	0.575543	0.388104	0.794512	
0.474342	1.707703	1.811250	0.538516	1.383158	0.371652	1.407347	0.664267	1.122776	1.923051	1.528275	1.681703	2.071986	1.764405	1.102554	1.000000	0.075000	1.096586	1.226020	0.561805	2.343075	0.581485	0.838153	1.681703	1.086566	0.503115	1.850676	1.209597	1.290349	0.742041	
1.833712	2.186607	0.406971	1.150000	1.485135	1.789728	0.201556	2.103865	0.766893	1.323112	0.436606	0.783023	0.897566	1.359458	1.546165	1.972942	1.467353	0.604152	1.130542	0.877852	1.308625	1.600195	0.930054	0.877852	1.844078	1.155692	1.944865	0.235850	0.813941	0.958188	
1.567043	1.500208	0.807001	0.835539	0.782624	1.700368	0.895126	1.933423	1.274755	0.700000	1.145098	0.355317	0.782624	0.664267	0.928036	1.467353	1.390144	0.279508	0.443001	0.886707	1.011496	1.208305	1.275980	1.569235	1.275245	1.312440	1.220912	0.715891	0.103078	0.602080	
0.410030	1.808487	2.521160	1.125000	1.767767	0.431567	2.128673	0.090139	1.800694	2.452040	2.241930	2.315437	2.732215	2.255272	1.419947	0.980115	0.707107	1.762278	1.738174	1.281113	2.956455	0.832166	1.501874	2.354782	1.206752	1.151086	2.126764	1.930026	1.898190	1.360147	
1.813319	2.670791	1.171004	1.375000	2.052438	1.576785	0.629484	1.927596	0.223607	2.098809	0.480885	1.584692	1.718284	2.087163	1.980215	2.208082	1.323820	1.185591	1.715007	0.936082	2.134391	1.767767	0.505594	0.350000	2.175144	0.855862	2.559907	0.715891	1.480920	1.308625	
2.227667	1.676678	1.017657	1.530523	1.051487	2.415186	1.417965	2.618444	1.925649	0.301040	1.643358	0.450694	0.515388	0.527376	1.364047	1.967867	2.114976	1.012423	0.910014	1.625000	0.364005	1.827738	1.981161	2.085815	1.723550	2.048322	1.209339	1.325000	0.763217	1.310773	
1.432000	1.805028	0.743303	0.726722	1.131923	1.442221	0.514782	1.732953	0.794512	1.177391	0.750000	0.728011	1.035012	1.140175	1.141271	1.545356	1.116356	0.235850	0.781025	0.531507	1.375909	1.175266	0.809707	1.136332	1.423025	0.908983	1.625000	0.285044	0.529741	0.530330	
1.176860	0.369121	2.378156	1.204159	0.853302	1.607210	2.303394	1.526843	2.359158	1.607210	2.527969	1.825685	2.251250	1.370447	0.656220	0.509902	1.542927	1.597655	1.134956	1.646398	2.256103	0.896172	2.156965	2.857118	0.406971	1.910007	0.851469	2.068363	1.471394	1.290591	
1.114955	0.618971	1.746425	0.752080	0.285044	1.463728	1.706605	1.527457	1.846957	1.063602	1.941649	1.201041	1.634396	0.832166	0.100000	0.660019	1.277204	0.983933	0.502494	1.166190	1.685415	0.697316	1.693554	2.302444	0.403113	1.518634	0.650481	1.476906	0.838525	0.745822	
2.105053	2.284732	0.090139	1.393287	1.566246	2.091202	0.469707	2.396351	1.062132	1.235162	0.626997	0.691466	0.650481	1.325943	1.692077	2.176293	1.766529	0.775403	1.226020	1.173936	1.077613	1.835926	1.245492	1.052675	2.018818	1.472455	1.976424	0.550568	0.886707	1.179248	
2.015564	2.409616	0.406971	1.353699	1.706055	1.937298	0.201556	2.263018	0.770146	1.498541	0.301040	0.950329	0.975000	1.555032	1.769357	2.186893	1.621149	0.827647	1.352082	1.044330	1.400893	1.804335	0.992472	0.731864	2.064128	1.265158	2.159282	0.400780	1.030776	1.171804	
1.944544	0.570088	2.205816	1.619027	0.771767	2.327150	2.356507	2.343608	2.629758	1.083109	2.605883	1.539683	1.861619	0.905884	0.980115	1.343968	2.157110	1.645068	1.102554	2.001406	1.697425	1.551813	2.521160	3.015066	1.103687	2.383406	0.257391	2.155371	1.380670	1.559848	
8	12	16	
8	12	16	
8	12	16	
8	12	16	
8	12	16	
8	12	16	
8	12	16	
8	12	16	
8	12	16	
8	12	16	
8	12	16	
8	12	16	
8	12	16	
8	12	16	
8	12	16	
8	12	16	
8	12	16	
8	12	16	
8	12	16	
8	12	16	
8	12	16	
8	12	16	
8	12	16	
8	12	16	
8	12	16	
8	12	16	
8	12	16	
8	12	16	
8	12	16	
8	12	16	
8	13	18	
8	13	18	
8	13	18	
8	13	18	
8	13	18	
8	13	18	
8	13	18	
8	13	18	
8	13	18	
8	13	18	
8	13	18	
8	13	18	
8	13	18	
8	13	18	
8	13	18	
8	13	18	
8	13	18	
8	13	18	
8	13	18	
8	13	18	
8	13	18	
8	13	18	
8	13	18	
8	13	18	
8	13	18	
8	13	18	
8	13	18	
8	13	18	
8	13	18	
8	13	18	
1.000000	1.000000	1.000000	
1.000000	1.000000	1.000000	
1.000000	1.000000	1.000000	
1.000000	1.000000	1.000000	
1.000000	1.000000	1.000000	
1.000000	1.000000	1.000000	
1.000000	1.000000	1.000000	
1.000000	1.000000	1.000000	
1.000000	1.000000	1.000000	
1.000000	1.000000	1.000000	
1.000000	1.000000	1.000000	
1.000000	1.000000	1.000000	
1.000000	1.000000	1.000000	
1.000000	1.000000	1.000000	
1.000000	1.000000	1.000000	
1.000000	1.000000	1.000000	
1.000000	1.000000	1.000000	
1.000000	1.000000	1.000000	
1.000000	1.000000	1.000000	
1.000000	1.000000	1.000000	
1.000000	1.000000	1.000000	
1.000000	1.000000	1.000000	
1.000000	1.000000	1.000000	
1.000000	1.000000	1.000000	
1.000000	1.000000	1.000000	
1.000000	1.000000	1.000000	
1.000000	1.000000	1.000000	
1.000000	1.000000	1.000000	
1.000000	1.000000	1.000000	
1.000000	1.000000	1.000000	
0.500000
240