150
30
3
1.216667	0.533333	0.383333	0.933333	1.066667	0.383333	0.800000	0.650000	0.450000	1.266667	1.550000	0.416667	0.600000	0.383333	1.100000	0.966667	1.116667	0.516667	0.783333	0.550000	1.166667	0.466667	0.333333	1.300000	0.716667	0.583333	0.500000	1.083333	1.066667	0.683333	1.183333	1.350000	1.266667	0.916667	0.450000	0.600000	0.200000	0.700000	0.933333	1.633333	0.916667	1.433333	0.850000	0.533333	0.316667	0.650000	1.066667	1.383333	0.700000	0.316667	0.350000	0.883333	0.700000	0.500000	0.683333	0.683333	1.616667	0.616667	1.366667	0.766667	1.033333	0.283333	1.066667	1.333333	0.183333	0.950000	1.283333	0.950000	1.266667	1.183333	1.583333	1.150000	0.316667	0.483333	1.100000	0.233333	0.200000	1.516667	0.500000	1.600000	1.383333	1.033333	0.600000	0.650000	0.833333	1.233333	1.116667	0.166667	0.200000	0.600000	1.400000	0.450000	0.600000	1.233333	1.416667	0.933333	0.750000	0.500000	0.450000	0.966667	1.233333	0.583333	1.033333	0.283333	0.866667	0.683333	0.283333	0.350000	0.933333	1.083333	0.583333	0.250000	0.216667	0.400000	1.116667	1.000000	0.183333	0.883333	1.433333	1.166667	1.333333	0.300000	1.250000	1.466667	0.733333	0.916667	0.800000	1.283333	0.483333	1.466667	0.966667	0.766667	1.533333	0.650000	1.433333	1.016667	0.600000	1.483333	0.583333	1.450000	0.916667	1.350000	1.183333	1.250000	1.066667	1.300000	0.800000	1.166667	1.133333	1.533333	
1.132751	1.662077	1.229075	0.896172	0.452769	0.577170	1.451938	0.649038	0.458939	0.079057	1.333464	0.618971	1.513275	1.131371	0.459619	1.829276	1.755883	1.068000	1.540292	2.147819	1.856071	1.118034	1.451293	1.999531	0.973717	1.755705	0.850000	1.874166	1.668270	1.218862	
1.209339	0.391312	1.375682	0.566789	1.750179	1.265899	0.743303	1.110462	1.691892	1.367708	0.645174	2.040221	1.020110	0.400780	1.083109	1.095730	0.860959	0.934077	1.711176	0.750000	0.456207	0.583631	0.235850	0.715891	1.502082	1.446764	1.600195	0.805062	1.030776	1.755349	
0.559017	0.620987	1.665083	0.395285	1.330648	1.281601	0.304138	0.604669	1.553222	1.126111	1.129712	1.691892	0.477624	0.760345	1.020110	0.719809	1.461592	1.237942	2.034853	1.346291	0.880696	0.090139	0.853302	1.364734	0.883883	0.880696	1.671264	0.721543	1.569235	1.938105	
0.818917	0.711512	1.293493	0.055902	1.239456	0.946375	0.648556	0.604152	1.283793	0.901388	0.800391	1.547781	0.849264	0.431567	0.701783	1.073546	1.176063	0.867828	1.663205	1.265158	0.908983	0.285044	0.632456	1.198176	1.035917	1.245492	1.329003	0.977880	1.243232	1.576587	
0.814325	0.790569	1.255239	0.025000	1.167262	0.879275	0.705780	0.553399	1.206493	0.822344	0.809707	1.470757	0.890225	0.450000	0.629484	1.129712	1.200260	0.840015	1.626346	1.331587	0.986154	0.335410	0.682825	1.252248	1.002809	1.274755	1.264911	1.051190	1.250250	1.522539	
2.095382	1.852363	0.090139	1.362213	1.729523	0.711073	2.020056	1.656050	1.073837	1.216553	0.859142	1.722099	2.231871	1.084551	0.919239	2.441311	1.037123	0.536773	0.285044	1.827738	1.873833	1.667708	1.285496	1.538059	2.125000	2.616534	0.571183	2.247499	0.784618	0.391312	
1.767060	2.117929	1.006231	1.375227	0.922293	0.559017	2.015564	1.276959	0.180278	0.626997	1.476906	0.756637	2.116158	1.431127	0.731864	2.417256	1.841535	1.101136	1.191900	2.437724	2.261775	1.654728	1.750179	2.220923	1.605070	2.386551	0.450694	2.400130	1.665083	0.775403	
1.393960	0.291548	1.958475	1.053862	2.205108	1.858259	0.760345	1.495410	2.261775	1.899013	1.193995	2.538331	0.996243	1.001249	1.657181	0.875357	1.261200	1.525000	2.277060	0.642748	0.180278	0.890225	0.759111	0.853302	1.765113	1.358308	2.200000	0.452769	1.497707	2.351197	
1.216553	0.347311	1.423025	0.601041	1.786232	1.315295	0.728011	1.137157	1.739253	1.410895	0.686477	2.080865	1.006541	0.450694	1.130542	1.068000	0.883883	0.982344	1.756595	0.721110	0.406971	0.594243	0.265754	0.707107	1.518634	1.432000	1.650189	0.765261	1.063015	1.804508	
0.506211	0.753741	2.090753	0.820061	1.554228	1.688564	0.226385	0.850368	1.912132	1.467353	1.526434	1.944544	0.055902	1.165386	1.421487	0.350892	1.820027	1.661701	2.460310	1.535008	1.015197	0.512957	1.193995	1.629801	0.901388	0.482830	2.079814	0.585769	1.957358	2.358495	
1.384061	0.276134	1.662265	0.875000	2.058215	1.603317	0.803508	1.382932	2.031779	1.700000	0.893378	2.364450	1.075291	0.728869	1.423025	1.044031	0.972433	1.234150	1.976424	0.515388	0.127475	0.797653	0.460977	0.625000	1.722099	1.480287	1.929054	0.660492	1.200260	2.062311	
0.874643	1.375909	1.264911	0.617454	0.590021	0.651920	1.151086	0.381608	0.728011	0.279508	1.185854	0.874643	1.220912	0.922293	0.419076	1.532359	1.612839	1.000000	1.611870	1.909188	1.582127	0.818917	1.226020	1.790251	0.797653	1.487658	1.007782	1.574206	1.570032	1.355083	
1.963734	0.831039	1.883149	1.415980	2.598678	2.002811	1.364276	1.950160	2.472094	2.195023	1.128051	2.877716	1.623461	1.144825	1.873666	1.525819	0.961769	1.521923	2.127352	0.127475	0.564026	1.376817	0.818917	0.431567	2.303259	2.003902	2.270050	1.102554	1.237437	2.319483	
1.107079	0.382426	1.388569	0.477624	1.663205	1.229075	0.660019	1.012423	1.638025	1.297112	0.689656	1.962301	0.933408	0.395285	1.030776	1.030776	0.942404	0.942404	1.733854	0.845946	0.506211	0.480885	0.316228	0.818917	1.399330	1.360606	1.576785	0.772172	1.095730	1.752320	
0.625000	1.032594	2.423453	1.150272	1.725181	1.993897	0.548293	1.079352	2.174425	1.724094	1.865643	2.125000	0.285044	1.505407	1.724094	0.335410	2.150145	1.998281	2.793967	1.800174	1.275245	0.849264	1.523155	1.927596	0.976281	0.176777	2.384586	0.745822	2.294695	2.676869	
0.781425	1.158123	2.601562	1.328768	1.876499	2.173850	0.707549	1.250000	2.348004	1.897367	2.031779	2.277197	0.459619	1.675187	1.903943	0.400000	2.303394	2.174425	2.971742	1.908042	1.386092	1.025305	1.677051	2.055633	1.107079	0.190394	2.564420	0.825379	2.456751	2.857118	
1.715007	1.446764	0.325960	0.955249	1.516781	0.525595	1.605070	1.305038	1.005609	0.986471	0.509902	1.601952	1.821572	0.673146	0.625000	2.025617	0.820061	0.127475	0.691466	1.510381	1.488498	1.256234	0.903120	1.249500	1.786757	2.213171	0.648556	1.835245	0.645174	0.701783	
0.813941	0.925000	2.460183	1.200521	1.908042	2.081466	0.531507	1.229075	2.304886	1.858259	1.846957	2.304886	0.357946	1.502706	1.815386	0.152069	2.093144	2.022993	2.826769	1.662077	1.142639	0.887764	1.470757	1.820027	1.185854	0.381608	2.472473	0.575000	2.261084	2.744312	
1.432873	2.114533	1.525000	1.353006	0.369121	0.910014	1.858259	1.004988	0.500625	0.531507	1.770064	0.167705	1.876499	1.592561	0.890225	2.205108	2.184176	1.464795	1.775176	2.612111	2.316517	1.549597	1.914419	2.457260	1.162164	2.050914	1.025305	2.298097	2.068363	1.383158	
0.850000	1.695029	1.677051	0.995615	0.251247	1.030776	1.346291	0.493077	0.884590	0.529741	1.645068	0.650000	1.319327	1.364047	0.850368	1.652460	2.071533	1.453444	2.002030	2.311385	1.930835	1.095730	1.650947	2.220923	0.571183	1.460522	1.319327	1.802256	2.030394	1.688564	
1.423025	1.937298	1.216553	1.171004	0.536773	0.604152	1.750714	0.946375	0.223607	0.328824	1.488707	0.474342	1.814008	1.345595	0.620987	2.130288	1.895059	1.166190	1.475847	2.371708	2.117339	1.410895	1.671264	2.196588	1.227294	2.047712	0.731864	2.167516	1.767767	1.098294	
1.858259	0.886707	1.340009	1.147007	2.267432	1.532359	1.368622	1.708801	2.020056	1.806239	0.614919	2.495621	1.648105	0.755811	1.450000	1.662077	0.419076	1.007782	1.576785	0.427931	0.715017	1.231361	0.474342	0.134629	2.134391	2.069118	1.759616	1.286954	0.691466	1.779923	
1.107079	0.035355	1.750179	0.735272	1.879162	1.575000	0.505594	1.171537	1.956559	1.581139	1.026219	2.213736	0.775403	0.759111	1.358308	0.761577	1.200260	1.305038	2.090753	0.809707	0.302076	0.566789	0.602080	0.916856	1.463087	1.181630	1.932938	0.425735	1.396648	2.116158	
0.555090	1.180042	1.498541	0.503115	0.738241	0.937083	0.867828	0.079057	1.051487	0.601041	1.252248	1.099147	0.905539	0.921954	0.675463	1.225255	1.665270	1.164313	1.860779	1.810559	1.415980	0.583095	1.175266	1.744456	0.564026	1.162970	1.312440	1.312440	1.675746	1.644878	
1.656804	2.450128	1.868154	1.698897	0.564026	1.274755	2.150581	1.288652	0.824621	0.901734	2.145052	0.212132	2.133219	1.962301	1.265158	2.466399	2.558564	1.835756	2.090006	2.977415	2.663292	1.868321	2.282132	2.829311	1.327121	2.250139	1.340009	2.601562	2.438237	1.676678	
0.152069	1.234909	1.950801	0.803508	0.950000	1.397542	0.760345	0.388909	1.464795	1.020417	1.615743	1.350231	0.650000	1.253994	1.136332	0.980434	2.001406	1.592365	2.316247	1.973100	1.500833	0.680074	1.435705	1.976898	0.265754	0.764853	1.769181	1.210372	2.055024	2.105499	
1.375909	0.237171	1.770770	0.930390	2.105053	1.693554	0.770146	1.414214	2.112019	1.767060	1.004054	2.422421	1.032594	0.825379	1.504161	0.970824	1.079641	1.340009	2.087163	0.550568	0.035355	0.816241	0.570088	0.705780	1.727896	1.425219	2.026388	0.571183	1.310773	2.167516	
1.814180	1.152443	0.785016	1.011187	1.940522	1.061249	1.492062	1.525819	1.556037	1.431127	0.200000	2.101488	1.755883	0.564026	1.051487	1.870328	0.250000	0.496236	1.035917	0.975320	1.095730	1.226020	0.548293	0.686477	2.000625	2.180166	1.231107	1.575793	0.257391	1.225765	
0.500000	0.725000	1.626346	0.355317	1.218862	1.208305	0.400000	0.493077	1.457738	1.025000	1.138530	1.581139	0.527376	0.766893	0.942404	0.800391	1.492062	1.210372	1.997655	1.431782	0.980115	0.134629	0.900347	1.431782	0.794512	0.903120	1.599414	0.831039	1.581139	1.879162	
0.730154	1.051190	1.282819	0.301040	0.884590	0.776611	0.853302	0.325960	1.002809	0.579871	1.002809	1.197132	0.965660	0.680074	0.506211	1.255488	1.417965	0.925000	1.650757	1.613420	1.261943	0.502494	0.951972	1.522539	0.809707	1.290349	1.166190	1.258968	1.425877	1.472455	
0.933408	0.838525	1.131923	0.141421	1.187697	0.785016	0.816241	0.632949	1.147279	0.794119	0.701783	1.465009	1.011496	0.357946	0.550568	1.241219	1.104536	0.715017	1.502706	1.308148	1.007782	0.450694	0.630971	1.200521	1.100000	1.399330	1.164313	1.134956	1.138530	1.408900	
1.550806	0.760345	1.104536	0.794512	1.892914	1.185327	1.142366	1.353006	1.664332	1.432873	0.325960	2.122499	1.416201	0.381608	1.081954	1.497707	0.459619	0.707107	1.401116	0.696419	0.705780	0.930390	0.167705	0.494975	1.796176	1.843400	1.449353	1.184536	0.636396	1.525205	
2.082366	1.248249	1.063602	1.300961	2.294695	1.418185	1.676678	1.842044	1.912132	1.789728	0.538516	2.461961	1.952722	0.853302	1.410895	2.013237	0.111803	0.849264	1.234150	0.822344	1.113833	1.467353	0.704006	0.506211	2.304886	2.379732	1.560649	1.665270	0.333542	1.504161	
1.170470	0.125000	1.644688	0.704450	1.875000	1.503330	0.600000	1.184536	1.903943	1.546165	0.908983	2.195450	0.876427	0.661910	1.299279	0.883530	1.075291	1.202082	1.980057	0.728011	0.265754	0.590021	0.480234	0.806226	1.510381	1.290591	1.851520	0.548293	1.272792	2.020210	
0.600521	1.486607	1.715554	0.838525	0.502494	1.095730	1.107079	0.285044	1.055047	0.637377	1.566246	0.900347	1.068878	1.250000	0.869626	1.402230	1.985730	1.432873	2.061553	2.142574	1.732772	0.884590	1.510381	2.079814	0.371652	1.216553	1.430035	1.565248	1.977530	1.789029	
1.522539	0.390512	1.927596	1.119431	2.290196	1.878330	0.896172	1.592561	2.301223	1.957358	1.152443	2.611154	1.140175	1.004988	1.693000	1.025305	1.171804	1.505199	2.232151	0.498121	0.158114	0.989949	0.728869	0.730154	1.886299	1.507481	2.205108	0.602080	1.420607	2.333586	
1.554429	1.274019	0.506211	0.781025	1.449353	0.530330	1.425219	1.164313	1.025305	0.925000	0.403113	1.578369	1.644118	0.498121	0.546008	1.845434	0.781025	0.079057	0.870704	1.391492	1.328768	1.078483	0.750417	1.151629	1.649242	2.039148	0.752080	1.657747	0.664267	0.863134	
0.380789	1.219887	1.700000	0.637377	0.770146	1.133578	0.827647	0.125000	1.208305	0.760345	1.425219	1.159741	0.803508	1.079641	0.875000	1.134956	1.829276	1.360147	2.062311	1.903943	1.472455	0.620987	1.305038	1.866815	0.375832	1.004054	1.503537	1.285739	1.856071	1.841535	
0.527376	0.975320	2.316382	1.043132	1.626730	1.882319	0.467039	0.970824	2.064128	1.614001	1.770770	2.025617	0.190394	1.407569	1.612452	0.353553	2.065944	1.893575	2.687238	1.751606	1.227294	0.745822	1.439618	1.863632	0.893378	0.237171	2.272939	0.728869	2.202981	2.566247	
1.478386	2.272939	1.779923	1.525819	0.382426	1.162164	1.968661	1.106797	0.750417	0.750000	2.003902	0.103078	1.952242	1.804508	1.123610	2.285279	2.422421	1.711176	2.026388	2.813472	2.489227	1.688564	2.121320	2.674065	1.156774	2.076355	1.275245	2.419969	2.315302	1.628074	
1.703856	2.108613	1.086566	1.355775	0.825379	0.590021	1.980688	1.217580	0.125000	0.570088	1.515132	0.654313	2.069118	1.444386	0.728011	2.375921	1.891593	1.149184	1.286954	2.460310	2.263018	1.625192	1.767060	2.253470	1.525819	2.326209	0.539676	2.376184	1.725724	0.875000	
2.246803	1.957358	0.235850	1.502706	1.883149	0.867828	2.151308	1.811767	1.212693	1.372953	0.941077	1.863632	2.369863	1.200521	1.077033	2.570019	1.057414	0.660019	0.145774	1.875667	1.961186	1.804508	1.375682	1.575793	2.282132	2.759755	0.697316	2.360350	0.789383	0.442295	
2.118077	1.766529	0.190394	1.350926	1.850169	0.825379	1.982738	1.703856	1.233390	1.325943	0.743303	1.873833	2.210345	1.020110	0.995301	2.397525	0.863134	0.496236	0.340037	1.675187	1.762988	1.644878	1.179248	1.377044	2.182888	2.608759	0.750417	2.173850	0.601041	0.583095	
1.921100	2.076355	0.695072	1.388569	1.221167	0.485412	2.064128	1.430035	0.467039	0.813941	1.290591	1.102554	2.205958	1.330883	0.743303	2.482438	1.608765	0.896172	0.843356	2.284869	2.182029	1.693000	1.627882	2.038535	1.821572	2.521160	0.145774	2.404423	1.402007	0.425000	
1.783606	1.510174	0.257391	1.025914	1.559848	0.553399	1.675187	1.369535	1.020417	1.029866	0.552268	1.629801	1.892254	0.738664	0.676849	2.095382	0.832166	0.190394	0.620987	1.549597	1.545356	1.326885	0.958188	1.281113	1.850000	2.283774	0.630971	1.901480	0.637377	0.650000	
0.735697	0.693271	1.380670	0.111803	1.230091	1.013040	0.571183	0.561805	1.327121	0.927699	0.886002	1.554429	0.761988	0.515388	0.760345	0.995301	1.253994	0.957209	1.750893	1.296630	0.910014	0.201556	0.691466	1.249500	0.970824	1.155692	1.399330	0.925000	1.329003	1.656050	
0.604669	1.325236	2.570627	1.310773	1.648105	2.081015	0.809707	1.097725	2.191603	1.744276	2.079814	2.047102	0.530330	1.710629	1.811767	0.650000	2.395438	2.165208	2.942151	2.101339	1.576785	1.039832	1.772005	2.211476	0.853302	0.145774	2.465005	1.061249	2.518060	2.782198	
1.546165	0.412311	1.764405	1.050298	2.234390	1.752320	0.946375	1.559247	2.191603	1.869826	0.986471	2.537839	1.209339	0.873212	1.583114	1.138530	0.991527	1.350231	2.061553	0.375000	0.150000	0.970824	0.575543	0.561805	1.891593	1.600000	2.065188	0.728011	1.241219	2.177298	
1.213724	1.150000	0.800391	0.493077	1.142366	0.450694	1.173936	0.807001	0.883530	0.645174	0.614919	1.331587	1.360147	0.447214	0.285044	1.598828	1.040733	0.436606	1.171537	1.470757	1.274755	0.806226	0.772172	1.291559	1.291559	1.732772	0.813941	1.480709	0.986471	1.051487	
1.144825	1.101136	0.870704	0.425000	1.118034	0.500625	1.107079	0.745822	0.910014	0.637377	0.640800	1.326885	1.290349	0.430116	0.302076	1.531747	1.068000	0.498121	1.241974	1.456237	1.236932	0.738241	0.755811	1.290591	1.231107	1.662077	0.873212	1.422146	1.029866	1.119431	
1.267379	0.848896	0.928036	0.460977	1.470757	0.807001	1.025305	0.980115	1.263428	1.007782	0.353553	1.697425	1.265158	0.075000	0.665676	1.437228	0.756637	0.480885	1.282819	1.089151	0.926350	0.707549	0.391312	0.919918	1.450000	1.677982	1.126111	1.231107	0.794512	1.285496	
0.608790	0.828402	2.253470	0.985203	1.690044	1.856239	0.347311	1.001249	2.074398	1.627882	1.671264	2.084616	0.127475	1.315770	1.589025	0.223607	1.946953	1.821572	2.622260	1.600195	1.075291	0.675463	1.320038	1.722099	0.995301	0.375832	2.247499	0.571183	2.096575	2.525495	
0.225000	1.346291	2.199574	1.025000	1.118034	1.646398	0.828025	0.637377	1.693554	1.255488	1.838648	1.516781	0.636396	1.471394	1.386092	0.936082	2.211476	1.835245	2.565638	2.112019	1.615549	0.851469	1.625192	2.146072	0.325000	0.602080	2.015564	1.241974	2.280488	2.354384	
2.441311	2.135562	0.430116	1.697425	2.047102	1.044031	2.343075	2.003279	1.350926	1.546165	1.109617	2.002498	2.563811	1.386768	1.264170	2.760548	1.175266	0.851469	0.075000	2.009975	2.127352	1.998281	1.546165	1.702939	2.471083	2.954763	0.826514	2.542759	0.900000	0.506211	
1.142639	1.822430	1.450216	1.068000	0.226385	0.800391	1.554228	0.701783	0.555090	0.316228	1.566246	0.425000	1.575198	1.347683	0.696419	1.902630	1.990132	1.305038	1.746783	2.352791	2.032548	1.249500	1.662077	2.218248	0.905884	1.765290	1.027740	1.995307	1.905420	1.399330	
1.505199	1.323820	0.512957	0.761988	1.334166	0.406971	1.428504	1.091444	0.901734	0.807001	0.520216	1.454519	1.632483	0.552268	0.431567	1.852363	0.905884	0.182003	0.884590	1.495201	1.400000	1.070047	0.834416	1.265158	1.573412	2.015564	0.657647	1.691892	0.784618	0.814325	
1.560649	1.779396	0.760345	1.057414	0.941409	0.201556	1.722099	1.070047	0.305164	0.471699	1.125000	0.927699	1.852363	1.075291	0.403113	2.136001	1.502706	0.760345	1.032594	2.079814	1.912132	1.353237	1.392839	1.865643	1.472455	2.161307	0.325960	2.082366	1.345595	0.693271	
1.810559	1.261943	0.604669	1.004054	1.834394	0.910014	1.550202	1.480287	1.402007	1.313868	0.230489	1.969296	1.802776	0.583095	0.933408	1.945829	0.410030	0.340037	0.873212	1.152443	1.234909	1.252996	0.660492	0.867828	1.962938	2.220923	1.054751	1.680030	0.279508	1.044330	
0.456207	0.715017	1.714825	0.442295	1.267379	1.297353	0.328824	0.538516	1.538059	1.101136	1.211662	1.638025	0.437321	0.840387	1.030776	0.715891	1.554228	1.296389	2.085965	1.448491	0.977880	0.176777	0.951315	1.467353	0.784618	0.816241	1.688564	0.775403	1.653217	1.969296	
0.895126	1.323112	1.202601	0.559017	0.665676	0.605186	1.125278	0.406971	0.735697	0.301040	1.106797	0.936082	1.212693	0.845946	0.357946	1.516781	1.533786	0.925338	1.554228	1.838818	1.522539	0.781425	1.152443	1.715007	0.850000	1.498541	0.973717	1.538059	1.492062	1.312440	
2.050152	0.951315	1.730787	1.428504	2.592778	1.916540	1.482608	1.981477	2.399088	2.157835	1.007782	2.846599	1.752855	1.096586	1.815558	1.690044	0.775000	1.402007	1.950641	0.182003	0.701783	1.439618	0.778621	0.261008	2.367620	2.150581	2.154066	1.274755	1.050298	2.172125	
1.325943	1.453444	0.752080	0.740355	0.961769	0.167705	1.415318	0.855132	0.570636	0.431567	0.867828	1.076162	1.565248	0.761577	0.106066	1.834734	1.275980	0.561805	1.096586	1.779923	1.589025	1.044031	1.084551	1.585284	1.308864	1.900658	0.559017	1.761391	1.165386	0.866386	
0.152069	1.234909	1.950801	0.803508	0.950000	1.397542	0.760345	0.388909	1.464795	1.020417	1.615743	1.350231	0.650000	1.253994	1.136332	0.980434	2.001406	1.592365	2.316247	1.973100	1.500833	0.680074	1.435705	1.976898	0.265754	0.764853	1.769181	1.210372	2.055024	2.105499	
1.663205	1.637261	0.425735	1.006231	1.250250	0.226385	1.688564	1.200260	0.660492	0.731864	0.827647	1.281113	1.865643	0.875000	0.450694	2.113203	1.171537	0.437321	0.752080	1.818310	1.725724	1.319327	1.163239	1.576785	1.656050	2.221627	0.328824	1.988875	0.995615	0.540833	
0.670820	1.317431	1.457738	0.605186	0.596343	0.860233	1.019804	0.182003	0.919239	0.469707	1.294701	0.948683	1.052675	0.989002	0.614919	1.375000	1.716464	1.159741	1.811250	1.920937	1.546165	0.726722	1.265158	1.835756	0.592663	1.290591	1.219887	1.463087	1.702939	1.565647	
0.749166	1.789728	2.031317	1.188486	0.520216	1.391492	1.355083	0.626997	1.245492	0.896172	1.923538	0.886707	1.252248	1.607210	1.191900	1.578963	2.343608	1.776584	2.363922	2.478155	2.045880	1.195042	1.861619	2.429249	0.364005	1.283793	1.688379	1.810559	2.331577	2.057304	
0.474342	1.291559	1.655295	0.664267	0.673146	1.070047	0.919239	0.103078	1.118034	0.673146	1.426972	1.060660	0.903120	1.093446	0.818917	1.234150	1.838818	1.334166	2.013237	1.955761	1.538871	0.689656	1.337208	1.903943	0.395285	1.099147	1.432000	1.375909	1.850676	1.776584	
2.089258	0.958188	1.923538	1.526843	2.706127	2.079663	1.491643	2.066549	2.555386	2.291970	1.185854	2.977415	1.750893	1.235162	1.962301	1.650189	0.975320	1.581139	2.150145	0.212132	0.691466	1.498541	0.910014	0.452769	2.426160	2.130288	2.332515	1.226020	1.251000	2.363525	
1.575198	2.325538	1.728077	1.569235	0.475000	1.129712	2.043588	1.182423	0.686477	0.760345	2.000000	0.079057	2.040374	1.821572	1.120547	2.372367	2.412986	1.690044	1.957837	2.839234	2.533895	1.750179	2.142574	2.687238	1.265899	2.180166	1.206493	2.490607	2.292651	1.550000	
1.285496	2.195023	1.952562	1.485345	0.313249	1.308625	1.833712	0.991527	0.970824	0.831039	2.069118	0.390512	1.779220	1.823630	1.209597	2.112019	2.495245	1.820027	2.230050	2.798660	2.429635	1.595501	2.125000	2.691189	0.928036	1.854218	1.488498	2.291970	2.419194	1.853712	
1.248249	0.176777	1.921100	0.941077	2.075151	1.775704	0.614919	1.360147	2.162319	1.786757	1.173936	2.415186	0.855132	0.941409	1.562850	0.756637	1.290591	1.480076	2.251944	0.753741	0.237171	0.755811	0.738241	0.929045	1.620378	1.227294	2.128673	0.348210	1.511001	2.299592	
0.755811	0.612883	2.156676	0.919239	1.782730	1.818310	0.237171	1.064483	2.087163	1.651704	1.523975	2.167083	0.265754	1.185591	1.559046	0.195256	1.767767	1.715007	2.520045	1.375227	0.850368	0.608790	1.144825	1.510381	1.151086	0.600521	2.206383	0.347311	1.935523	2.459675	
1.980215	1.956559	0.388909	1.341641	1.437228	0.496236	2.023919	1.505199	0.725431	0.962094	1.068878	1.377044	2.199574	1.184536	0.760345	2.448597	1.341641	0.679154	0.550568	2.069118	2.027468	1.654728	1.450216	1.803122	1.941649	2.550123	0.201556	2.318000	1.116356	0.212132	
2.045880	1.746425	0.090139	1.291559	1.750000	0.725000	1.936653	1.622113	1.130542	1.227294	0.740355	1.770770	2.156965	0.986154	0.903466	2.355048	0.910014	0.445112	0.360555	1.701654	1.758551	1.591383	1.171004	1.410895	2.098362	2.549510	0.651920	2.147091	0.660019	0.515388	
1.625000	2.167083	1.320275	1.401116	0.637377	0.765261	1.977530	1.159741	0.279508	0.559017	1.679472	0.406971	2.032548	1.560849	0.832166	2.352127	2.074398	1.335337	1.535008	2.586624	2.344408	1.640503	1.886796	2.401172	1.397542	2.249722	0.785016	2.397134	1.927596	1.125000	
1.353006	1.138530	0.691466	0.583631	1.313868	0.515388	1.241219	0.970824	0.991527	0.806226	0.450694	1.485135	1.451293	0.375832	0.430116	1.664332	0.872138	0.279508	1.061249	1.364047	1.227294	0.886707	0.680074	1.160011	1.456237	1.841535	0.825379	1.502082	0.809707	1.004054	
0.180278	1.060955	1.830983	0.637377	1.015197	1.312440	0.610328	0.340037	1.439618	0.989002	1.451293	1.408013	0.555090	1.085415	1.044330	0.887764	1.829276	1.453444	2.200142	1.792345	1.325000	0.498121	1.256234	1.795132	0.437321	0.771767	1.695029	1.068000	1.892749	2.016494	
0.725431	1.073837	2.514210	1.241974	1.825000	2.093144	0.617454	1.182423	2.277334	1.827054	1.941649	2.225140	0.371652	1.585284	1.823630	0.328824	2.214159	2.085965	2.884116	1.829276	1.305996	0.937083	1.587648	1.971357	1.068878	0.195256	2.484074	0.753741	2.366696	2.773536	
1.578171	0.680074	1.252248	0.863496	2.000000	1.330648	1.116076	1.425219	1.805028	1.556037	0.475000	2.245134	1.394633	0.494975	1.215010	1.442654	0.515388	0.859142	1.540292	0.548293	0.583095	0.951315	0.190394	0.381608	1.849493	1.820027	1.600781	1.101136	0.735272	1.675746	
1.800174	0.776209	1.455378	1.129436	2.280351	1.600195	1.278916	1.688564	2.080415	1.838818	0.704006	2.527969	1.557241	0.777817	1.495410	1.549597	0.561805	1.099147	1.706605	0.301040	0.583095	1.176860	0.465027	0.125000	2.095382	1.972942	1.850000	1.162970	0.831039	1.891593	
1.241219	0.728011	1.040733	0.450694	1.540292	0.927699	0.941077	1.000625	1.375909	1.098294	0.391312	1.786232	1.192686	0.050000	0.772172	1.343968	0.750417	0.594243	1.389244	0.985203	0.801561	0.650000	0.285044	0.840015	1.455378	1.612452	1.251000	1.118034	0.831039	1.407347	
0.305164	1.442654	2.135562	1.026219	0.951972	1.555032	0.945053	0.559017	1.560649	1.133578	1.835926	1.348379	0.785016	1.476906	1.303840	1.097725	2.225562	1.794610	2.496247	2.191603	1.710629	0.903466	1.662077	2.201846	0.152069	0.778621	1.912132	1.378858	2.273351	2.260669	
0.496236	1.608765	2.121615	1.110180	0.784618	1.510381	1.131923	0.577170	1.451293	1.050298	1.900000	1.171004	0.991527	1.555032	1.276959	1.308864	2.304886	1.814180	2.472473	2.338001	1.873666	1.040733	1.770770	2.325134	0.111803	0.986471	1.845434	1.575793	2.328358	2.205108	
0.903120	1.249500	1.152443	0.482830	0.755811	0.583631	1.079641	0.430116	0.776611	0.364005	1.020110	1.020110	1.185854	0.755811	0.320156	1.480709	1.446764	0.853302	1.510381	1.750893	1.442654	0.725431	1.063015	1.625000	0.896172	1.492062	0.965013	1.480287	1.410895	1.290591	
1.820027	0.725000	1.653028	1.215010	2.389691	1.767060	1.253994	1.762278	2.238861	1.971833	0.892328	2.657536	1.525819	0.915492	1.643358	1.475847	0.759111	1.285496	1.908042	0.111803	0.485412	1.211662	0.590021	0.250000	2.140385	1.927596	2.033009	1.068000	1.030776	2.087163	
0.357946	1.274755	1.766529	0.711073	0.756637	1.190851	0.862047	0.190394	1.241219	0.797653	1.500208	1.152443	0.813941	1.154340	0.936082	1.147279	1.904107	1.432000	2.127205	1.969296	1.530523	0.680074	1.377044	1.937298	0.301040	0.982344	1.555635	1.320984	1.930835	1.898190	
1.487658	1.171004	0.604669	0.700446	1.454734	0.590021	1.331587	1.118034	1.081954	0.939415	0.336341	1.608765	1.556037	0.395285	0.559017	1.750000	0.742041	0.160078	0.965013	1.305038	1.227294	0.990581	0.651920	1.076162	1.603317	1.956080	0.843356	1.556037	0.661910	0.965984	
1.838818	1.079641	0.941409	1.050000	2.046491	1.202601	1.465009	1.587648	1.697425	1.547781	0.291548	2.226264	1.736555	0.600521	1.171804	1.823630	0.150000	0.645174	1.179248	0.825379	0.991527	1.231107	0.493077	0.530330	2.052438	2.163475	1.386768	1.503537	0.325960	1.382932	
1.184536	0.380789	1.384061	0.548293	1.732772	1.262191	0.719809	1.089151	1.683931	1.355083	0.660019	2.025617	0.996243	0.403113	1.075291	1.075291	0.883530	0.941077	1.721918	0.770146	0.460977	0.559017	0.257391	0.740355	1.478386	1.423025	1.600000	0.790569	1.050298	1.760149	
1.085415	2.022993	1.927596	1.335337	0.254951	1.275980	1.644118	0.816241	1.007782	0.775403	1.969296	0.527376	1.581139	1.700000	1.138530	1.913439	2.396482	1.750893	2.227667	2.651061	2.263846	1.421267	1.990289	2.559907	0.726722	1.653028	1.504161	2.102974	2.340539	1.875000	
0.336341	1.304320	2.345341	1.119431	1.343968	1.821572	0.770146	0.820061	1.901480	1.457738	1.921100	1.743022	0.525595	1.549597	1.555635	0.777817	2.270050	1.959751	2.715005	2.084017	1.570430	0.892328	1.662077	2.151308	0.550568	0.382426	2.199148	1.131923	2.363922	2.527969	
0.872138	1.419947	1.305038	0.665676	0.535023	0.682367	1.179248	0.380789	0.719809	0.269258	1.241219	0.828025	1.237437	0.977880	0.460977	1.553222	1.668270	1.050298	1.648105	1.962301	1.629801	0.855132	1.280625	1.845434	0.770146	1.490386	1.027740	1.608182	1.623461	1.380444	
2.295920	2.013237	0.285044	1.555635	1.913276	0.903466	2.205958	1.857586	1.231361	1.407347	0.996243	1.883149	2.423453	1.256234	1.119431	2.625000	1.104536	0.715017	0.090139	1.926460	2.016340	1.858259	1.431127	1.625192	2.325941	2.812139	0.711073	2.416221	0.834416	0.430116	
0.625000	0.539676	1.910007	0.660019	1.565647	1.557442	0.025000	0.838153	1.831154	1.400000	1.310773	1.940522	0.285044	0.957209	1.298075	0.447214	1.592365	1.472455	2.276236	1.319327	0.807001	0.348210	0.965660	1.402007	1.007782	0.711512	1.945829	0.480885	1.736555	2.202981	
1.326885	1.480287	0.770146	0.760345	0.933408	0.160078	1.432000	0.851469	0.536773	0.403113	0.903120	1.041933	1.576785	0.794512	0.111803	1.850000	1.310773	0.594243	1.109617	1.814008	1.619027	1.061249	1.118034	1.620378	1.299279	1.906895	0.548862	1.783606	1.198176	0.866386	
0.785016	0.450694	1.546367	0.350000	1.463087	1.245492	0.388909	0.760345	1.579953	1.182423	0.943398	1.800347	0.638847	0.585769	1.002809	0.805062	1.250000	1.105102	1.910007	1.129712	0.689656	0.167705	0.632949	1.138530	1.096586	1.062132	1.625000	0.676849	1.375227	1.858090	
1.772005	0.675000	1.650757	1.175266	2.352791	1.746425	1.204159	1.719920	2.214723	1.940522	0.883883	2.624881	1.475847	0.887764	1.616516	1.426753	0.775403	1.274755	1.913276	0.141421	0.436606	1.165386	0.561805	0.282843	2.094338	1.877665	2.019437	1.020110	1.044031	2.082366	
1.960867	1.415318	0.538516	1.155963	1.928244	0.961769	1.710263	1.615743	1.442221	1.401116	0.388909	2.035927	1.962301	0.742041	1.025000	2.105499	0.443001	0.412311	0.753741	1.251000	1.375909	1.410895	0.811249	0.951315	2.100298	2.379732	1.046721	1.835245	0.212132	0.980434	
1.715554	1.209339	0.600521	0.910014	1.739253	0.832541	1.472455	1.380670	1.326885	1.221167	0.182003	1.882319	1.720465	0.500000	0.840387	1.873833	0.477624	0.265754	0.901388	1.163239	1.202082	1.166190	0.617454	0.893378	1.863632	2.136001	1.006231	1.622498	0.378319	1.029866	
0.705780	1.308625	2.635455	1.366794	1.767767	2.165208	0.814325	1.196349	2.294695	1.845603	2.114976	2.167516	0.538516	1.749286	1.895059	0.588430	2.414151	2.221627	3.007075	2.075602	1.550806	1.081665	1.787806	2.202981	0.976281	0.111803	2.551960	1.011187	2.549142	2.861927	
1.063602	0.090139	1.713549	0.680074	1.823630	1.525205	0.475657	1.117195	1.902958	1.525819	1.000000	2.157835	0.750417	0.719809	1.305996	0.760345	1.192686	1.267379	2.057456	0.843356	0.347311	0.512957	0.583631	0.933408	1.415097	1.163239	1.885636	0.450694	1.380670	2.074247	
0.656220	0.500000	1.695029	0.450694	1.453444	1.353006	0.235850	0.728869	1.650189	1.231361	1.110462	1.811250	0.471699	0.750000	1.098294	0.660492	1.415318	1.258223	2.061553	1.241219	0.763217	0.150000	0.794512	1.278916	0.999062	0.894427	1.739253	0.608276	1.542927	1.990132	
2.263846	2.143158	0.400000	1.587844	1.734395	0.790569	2.263846	1.796003	1.004988	1.264170	1.177391	1.650757	2.455733	1.367708	1.046721	2.688517	1.364276	0.824621	0.313249	2.155226	2.182458	1.900164	1.594718	1.866815	2.239699	2.820129	0.485412	2.525495	1.106797	0.127475	
1.985730	0.933408	1.554228	1.319327	2.465005	1.754459	1.450216	1.878829	2.240675	2.015564	0.838525	2.705203	1.726630	0.957209	1.665083	1.697793	0.600521	1.231107	1.775176	0.270416	0.711512	1.364276	0.651920	0.090139	2.284869	2.136879	1.982738	1.296630	0.876427	1.995777	
0.877852	0.794512	2.392305	1.152443	1.952242	2.048322	0.469707	1.251000	2.301766	1.860779	1.750893	2.344275	0.382426	1.418185	1.786757	0.050000	1.976898	1.950160	2.755222	1.516781	1.000625	0.840387	1.360147	1.683931	1.264170	0.525595	2.437468	0.425735	2.155371	2.694555	
1.096016	0.371652	2.114533	1.000000	2.038535	1.888452	0.465027	1.309819	2.228508	1.820886	1.400893	2.403383	0.638847	1.119431	1.651704	0.475000	1.562050	1.667708	2.460310	1.039832	0.529741	0.740355	0.976281	1.221167	1.486607	0.965984	2.260669	0.055902	1.768120	2.466779	
0.905884	0.670820	2.302851	1.083109	1.952562	1.985101	0.406971	1.237437	2.261222	1.826540	1.644118	2.338937	0.403113	1.320038	1.728077	0.127475	1.858259	1.858259	2.662705	1.389469	0.873212	0.776209	1.245492	1.557442	1.299279	0.632456	2.371708	0.300000	2.042211	2.617370	
1.250250	2.040833	1.677982	1.300240	0.150000	1.035917	1.731509	0.869626	0.704006	0.571183	1.823630	0.251247	1.718284	1.600781	0.951972	2.050914	2.247360	1.557442	1.955761	2.598678	2.261084	1.453444	1.912132	2.471462	0.946375	1.856071	1.216553	2.182888	2.159427	1.583706	
1.401116	1.960867	1.290591	1.193995	0.471699	0.673146	1.754459	0.933408	0.292617	0.348210	1.546165	0.403887	1.806239	1.390144	0.671751	2.126323	1.955920	1.231107	1.550806	2.415186	2.147673	1.422146	1.715007	2.246803	1.187697	2.026080	0.806226	2.178302	1.833882	1.171804	
1.835756	1.513481	0.254951	1.065950	1.637261	0.632456	1.702939	1.431127	1.097725	1.107079	0.525595	1.708801	1.926947	0.750417	0.750417	2.120289	0.772172	0.212132	0.596343	1.513275	1.534805	1.361295	0.946375	1.236932	1.913439	2.323924	0.695072	1.911969	0.565685	0.679154	
1.337208	1.000625	0.784618	0.536773	1.419947	0.673146	1.152443	1.001249	1.144825	0.930054	0.340037	1.616516	1.380670	0.226385	0.565685	1.570032	0.766893	0.340037	1.145098	1.207528	1.075291	0.816241	0.522015	1.011496	1.482608	1.785007	0.977880	1.378858	0.750417	1.133854	
0.660019	0.625500	2.090006	0.838525	1.679658	1.732231	0.160078	0.961769	1.990760	1.553222	1.480076	2.064128	0.190394	1.131923	1.470544	0.269258	1.744456	1.651704	2.455860	1.402007	0.878208	0.525595	1.118034	1.516781	1.055047	0.579871	2.121615	0.425735	1.900164	2.382357	
2.174425	1.049405	1.917192	1.590008	2.763377	2.105499	1.583706	2.136001	2.586624	2.337734	1.198176	3.025413	1.845603	1.277204	2.000000	1.750714	0.952956	1.592365	2.128673	0.279508	0.785016	1.576785	0.955249	0.450694	2.505619	2.228508	2.344408	1.327121	1.226020	2.359158	
2.586745	2.260669	0.575543	1.839837	2.182458	1.185854	2.481179	2.148982	1.475212	1.686157	1.229837	2.125147	2.704741	1.520074	1.409122	2.897089	1.258968	0.990581	0.213600	2.100298	2.242348	2.139071	1.666021	1.789204	2.616295	3.097681	0.950329	2.671259	0.982980	0.608276	
1.044330	0.700000	1.137157	0.251247	1.382932	0.900347	0.797261	0.807001	1.305038	0.977880	0.577170	1.655483	1.030776	0.206155	0.697316	1.215010	0.950329	0.695072	1.500000	1.113833	0.838153	0.471699	0.437321	1.007782	1.256234	1.442221	1.258968	1.044031	1.020110	1.463087	
0.671751	0.550568	2.005305	0.761577	1.652460	1.660196	0.079057	0.927699	1.932938	1.500208	1.390144	2.031317	0.251247	1.043132	1.401116	0.347311	1.655295	1.565647	2.370258	1.330883	0.809707	0.450694	1.028652	1.435705	1.063015	0.661910	2.048322	0.410030	1.810041	2.303259	
0.995615	0.279508	1.978952	0.850000	1.901480	1.739612	0.355317	1.173936	2.078762	1.672760	1.280625	2.261913	0.577170	0.983933	1.501874	0.498121	1.470544	1.531747	2.328760	1.025305	0.500625	0.594243	0.866386	1.171004	1.379311	0.950329	2.113203	0.182003	1.663205	2.324328	
1.738174	1.827738	0.553399	1.154340	1.171804	0.257391	1.834734	1.255239	0.491172	0.693271	1.051190	1.138530	1.990132	1.079641	0.527376	2.256241	1.390144	0.660492	0.803508	2.039914	1.930835	1.463087	1.377725	1.800347	1.680030	2.322848	0.134629	2.162319	1.202601	0.471699	
2.149709	1.113833	1.549597	1.457738	2.579365	1.815558	1.626730	2.019437	2.307867	2.112611	0.890225	2.801116	1.904107	1.068000	1.750893	1.879661	0.570088	1.269350	1.736555	0.425735	0.893378	1.525000	0.784618	0.226385	2.438237	2.316382	2.013237	1.478386	0.834416	1.992486	
1.218862	1.676305	1.126111	0.910014	0.550000	0.475000	1.500208	0.728869	0.371652	0.079057	1.275980	0.660019	1.578765	1.101136	0.395285	1.888452	1.693554	0.989002	1.431782	2.125000	1.858090	1.154340	1.425219	1.962301	1.078483	1.838478	0.738241	1.910497	1.592365	1.107079	
1.486607	1.501874	0.570088	0.840387	1.129436	0.141421	1.523155	1.026219	0.636396	0.600521	0.785016	1.208305	1.693554	0.760345	0.279508	1.946953	1.168867	0.430116	0.916856	1.746425	1.609542	1.152443	1.068000	1.526434	1.487027	2.045880	0.456207	1.838648	1.029563	0.715017	
1.007782	0.141421	1.711176	0.642748	1.775528	1.501874	0.425000	1.065950	1.870328	1.487027	1.011496	2.113203	0.701783	0.715891	1.277204	0.728869	1.221935	1.264170	2.059126	0.897566	0.403113	0.460977	0.605186	0.980115	1.359458	1.118034	1.866815	0.447214	1.402007	2.064128	
1.557241	0.630971	1.303840	0.860959	2.010752	1.365650	1.079352	1.421487	1.835756	1.575793	0.525595	2.263846	1.358538	0.515388	1.241219	1.397542	0.566789	0.905539	1.594718	0.514782	0.527376	0.930390	0.195256	0.380789	1.837457	1.782730	1.643358	1.050298	0.790569	1.725181	
2.535375	2.330772	0.570636	1.831154	2.026080	1.076162	2.496623	2.075151	1.290591	1.556037	1.322167	1.930835	2.701851	1.565248	1.325236	2.919118	1.425877	1.017657	0.250000	2.253470	2.342008	2.140093	1.755349	1.950160	2.525495	3.077743	0.776209	2.728095	1.152443	0.406971	
1.541509	0.880696	0.933408	0.750000	1.779923	1.020417	1.200521	1.290591	1.505407	1.300240	0.158114	1.987775	1.464795	0.301040	0.937083	1.581336	0.450000	0.530330	1.241219	0.869626	0.862047	0.941077	0.279508	0.645174	1.752855	1.889610	1.274019	1.300240	0.548862	1.350000	
0.333542	0.965984	2.157835	0.890225	1.428504	1.698897	0.431567	0.770146	1.865811	1.415318	1.655295	1.826540	0.195256	1.285739	1.428504	0.503115	1.978004	1.745351	2.529452	1.746783	1.231107	0.614919	1.358538	1.825171	0.715891	0.371652	2.088211	0.805062	2.094338	2.390084	
1.461592	0.916856	0.855132	0.657647	1.644118	0.883883	1.175266	1.179248	1.366108	1.160011	0.158114	1.846957	1.428504	0.213600	0.795692	1.573412	0.559017	0.425735	1.185591	0.998123	0.937083	0.883530	0.350892	0.785016	1.650000	1.848141	1.152443	1.325000	0.601041	1.253994	
2.022993	1.875000	0.180278	1.325236	1.587648	0.585235	1.998124	1.567043	0.912414	1.085415	0.925338	1.562850	2.195023	1.099147	0.818917	2.422421	1.155963	0.559017	0.388104	1.916377	1.919798	1.636498	1.333464	1.637834	2.025154	2.566247	0.403887	2.256241	0.917878	0.276134	
2.009975	1.020110	1.394633	1.296630	2.406372	1.640122	1.513275	1.858259	2.131901	1.936653	0.715017	2.624881	1.792519	0.896172	1.574206	1.794610	0.425735	1.097725	1.601757	0.447214	0.828025	1.383158	0.625000	0.141421	2.286099	2.211476	1.844756	1.409122	0.700000	1.837457	
0.515388	1.140175	1.522539	0.482830	0.782624	0.972433	0.818917	0.079057	1.099147	0.649038	1.250250	1.147007	0.855862	0.912414	0.707990	1.175266	1.659254	1.178187	1.886796	1.782028	1.379311	0.540833	1.155963	1.723550	0.555090	1.118034	1.350926	1.264911	1.677982	1.679472	
1.077613	1.839327	1.576785	1.101136	0.103078	0.925338	1.535008	0.673146	0.686477	0.427931	1.655295	0.431567	1.532359	1.415318	0.800391	1.863632	2.081466	1.412887	1.878330	2.404423	2.060491	1.252248	1.722099	2.285005	0.807775	1.693554	1.162164	1.984471	2.009042	1.533786	
1.502082	0.400780	1.640503	0.955249	2.140823	1.631334	0.928036	1.480076	2.075151	1.762278	0.863134	2.435416	1.200260	0.752080	1.467353	1.164313	0.890225	1.225255	1.940522	0.395285	0.195256	0.905884	0.450694	0.506211	1.833712	1.604875	1.941166	0.771767	1.131923	2.052438	
1.789204	1.043132	0.933408	1.000000	2.001406	1.168867	1.419947	1.538059	1.663205	1.505199	0.250000	2.185463	1.690599	0.550568	1.130542	1.782028	0.200000	0.617454	1.184536	0.825379	0.964689	1.182423	0.450694	0.539676	2.002498	2.117339	1.364047	1.467353	0.355317	1.372953	
1.423025	1.004054	0.761577	0.617454	1.520896	0.738241	1.202082	1.100284	1.220656	1.026219	0.237171	1.710263	1.440703	0.235850	0.656220	1.613420	0.664267	0.316228	1.110462	1.142366	1.052675	0.880696	0.477624	0.930054	1.579953	1.851520	1.015197	1.397542	0.651920	1.138530	
1.697793	0.632949	1.550000	1.075291	2.248472	1.634778	1.150000	1.625000	2.102974	1.831154	0.778621	2.516446	1.425877	0.776611	1.505199	1.401116	0.704450	1.167262	1.820886	0.250000	0.425000	1.083109	0.450694	0.269258	2.010286	1.835926	1.910007	1.007782	0.965660	1.978952	
1.479231	0.353553	1.936653	1.095730	2.261084	1.870328	0.850368	1.559247	2.287056	1.936814	1.164313	2.586141	1.092016	1.001249	1.679658	0.975320	1.200260	1.510174	2.246108	0.546008	0.150000	0.955249	0.735697	0.770146	1.845434	1.457738	2.202272	0.552268	1.445035	2.338402	
0.320156	0.831039	1.944865	0.675463	1.328768	1.500833	0.320156	0.625000	1.697793	1.250250	1.444386	1.718284	0.251247	1.073837	1.231107	0.577170	1.776584	1.530523	2.316382	1.600781	1.100284	0.403887	1.163239	1.653028	0.707990	0.583631	1.891593	0.765261	1.884808	2.185463	
0.450694	0.992472	1.560649	0.400780	0.939415	1.055047	0.661910	0.215058	1.231107	0.785016	1.206493	1.305038	0.715891	0.850000	0.785016	1.027740	1.600195	1.185591	1.930026	1.659254	1.237942	0.390512	1.061249	1.621149	0.604669	1.012423	1.442221	1.106797	1.644118	1.754459	
1.947113	1.331587	0.664267	1.140175	1.985101	1.047020	1.657181	1.628074	1.535008	1.463087	0.335410	2.113350	1.916540	0.705780	1.083109	2.042211	0.316228	0.480885	0.876427	1.127497	1.275000	1.375909	0.726722	0.825379	2.109502	2.338402	1.160011	1.754459	0.127475	1.106797	
0.176777	0.999062	1.855061	0.632456	1.093446	1.355083	0.535023	0.406971	1.502082	1.051487	1.443087	1.485345	0.477624	1.073837	1.085415	0.809707	1.811077	1.466714	2.225562	1.741049	1.265158	0.456207	1.226020	1.755349	0.500000	0.716327	1.740869	0.991527	1.885802	2.055480	
1.542117	0.452769	1.609542	0.972433	2.156965	1.621149	0.976281	1.505407	2.071382	1.768120	0.831039	2.445020	1.250000	0.743303	1.465009	1.219119	0.840015	1.200260	1.903943	0.357946	0.250000	0.939415	0.431567	0.450694	1.868321	1.656804	1.923538	0.827647	1.085415	2.025617	
1.476482	1.829105	0.961769	1.077613	0.752080	0.360555	1.711724	0.983933	0.158114	0.340037	1.273283	0.728011	1.813319	1.173936	0.450694	2.113203	1.667708	0.930054	1.229075	2.195450	1.985101	1.352082	1.498541	2.000000	1.343968	2.091799	0.498121	2.100149	1.526434	0.869626	
0.834416	0.656220	1.315770	0.111803	1.293493	0.990581	0.617454	0.648556	1.336507	0.956883	0.790569	1.603512	0.831039	0.419076	0.750417	1.041933	1.154340	0.883883	1.683931	1.215010	0.853302	0.265754	0.594243	1.155963	1.068878	1.235162	1.370447	0.930390	1.233390	1.610124	
0.860959	0.910014	1.168867	0.150000	1.079641	0.759111	0.822344	0.527376	1.082243	0.705780	0.800000	1.366108	0.991527	0.467039	0.505594	1.244237	1.209339	0.772172	1.540495	1.414655	1.095730	0.450694	0.742041	1.311964	1.001249	1.361295	1.147007	1.176063	1.231361	1.415097	
1.068000	0.800000	1.055047	0.261008	1.320038	0.800391	0.875000	0.785016	1.209597	0.895126	0.555090	1.578171	1.096586	0.206155	0.601041	1.296630	0.952956	0.618971	1.421267	1.187697	0.934077	0.531507	0.496236	1.060955	1.250250	1.500000	1.159741	1.140175	0.995301	1.369535	
1.902958	0.867828	1.492062	1.229837	2.375000	1.672199	1.377044	1.789728	2.156676	1.926947	0.761577	2.616534	1.654728	0.867828	1.578171	1.638025	0.559017	1.155963	1.725724	0.285044	0.660019	1.279893	0.561805	0.035355	2.198295	2.068363	1.908042	1.244237	0.834416	1.931968	
1.589222	0.475657	1.681703	1.043132	2.228508	1.700184	1.007782	1.570032	2.150145	1.844587	0.903120	2.520045	1.277204	0.822344	1.543535	1.225765	0.887764	1.275980	1.971357	0.309233	0.237171	0.995615	0.509902	0.458939	1.923051	1.676678	2.001562	0.822344	1.140449	2.100149	
0.776209	1.250250	2.651886	1.378858	1.858259	2.205108	0.782624	1.258223	2.358495	1.908042	2.101488	2.258871	0.520216	1.740869	1.934716	0.500625	2.383537	2.229910	3.022933	2.005617	1.482608	1.081954	1.756595	2.147673	1.075291	0.152069	2.594345	0.926350	2.530316	2.895039	
1.526843	1.675746	0.675463	0.970824	1.002809	0.079057	1.645068	1.043132	0.425735	0.498121	1.000000	1.027740	1.789728	0.958188	0.325000	2.063522	1.379311	0.637377	0.976281	1.957358	1.800174	1.274019	1.273038	1.741049	1.470544	2.114976	0.340037	1.990760	1.227294	0.680074	
1.453444	1.601757	0.701783	0.892328	0.975000	0.050000	1.566046	0.972433	0.460977	0.456207	0.957209	1.030776	1.711176	0.893378	0.246221	1.984471	1.347683	0.610328	1.020110	1.900658	1.730787	1.195042	1.211662	1.691892	1.407569	2.038535	0.416083	1.913276	1.209339	0.745822	
8	13	18	
8	13	18	
8	13	18	
8	13	18	
8	13	18	
8	13	18	
8	13	18	
8	13	18	
8	13	18	
8	13	18	
8	13	18	
8	13	18	
8	13	18	
8	13	18	
8	13	18	
8	13	18	
8	13	18	
8	13	18	
8	13	18	
8	13	18	
8	13	18	
8	13	18	
8	13	18	
8	13	18	
8	13	18	
8	13	18	
8	13	18	
8	13	18	
8	13	18	
8	13	18	
9	14	19	
9	14	19	
9	14	19	
9	14	19	
9	14	19	
9	14	19	
9	14	19	
9	14	19	
9	14	19	
9	14	19	
9	14	19	
9	14	19	
9	14	19	
9	14	19	
9	14	19	
9	14	19	
9	14	19	
9	14	19	
9	14	19	
9	14	19	
9	14	19	
9	14	19	
9	14	19	
9	14	19	
9	14	19	
9	14	19	
9	14	19	
9	14	19	
9	14	19	
9	14	19	
1.000000	1.000000	1.000000	
1.000000	1.000000	1.000000	
1.000000	1.000000	1.000000	
1.000000	1.000000	1.000000	
1.000000	1.000000	1.000000	
1.000000	1.000000	1.000000	
1.000000	1.000000	1.000000	
1.000000	1.000000	1.000000	
1.000000	1.000000	1.000000	
1.000000	1.000000	1.000000	
1.000000	1.000000	1.000000	
1.000000	1.000000	1.000000	
1.000000	1.000000	1.000000	
1.000000	1.000000	1.000000	
1.000000	1.000000	1.000000	
1.000000	1.000000	1.000000	
1.000000	1.000000	1.000000	
1.000000	1.000000	1.000000	
1.000000	1.000000	1.000000	
1.000000	1.000000	1.000000	
1.000000	1.000000	1.000000	
1.000000	1.000000	1.000000	
1.000000	1.000000	1.000000	
1.000000	1.000000	1.000000	
1.000000	1.000000	1.000000	
1.000000	1.000000	1.000000	
1.000000	1.000000	1.000000	
1.000000	1.000000	1.000000	
1.000000	1.000000	1.000000	
1.000000	1.000000	1.000000	
0.200000
270