100
30
3
1.550000	1.150000	0.333333	0.350000	0.883333	0.600000	1.166667	0.283333	0.683333	0.900000	1.000000	1.283333	1.216667	0.650000	1.183333	1.083333	1.600000	1.316667	1.450000	1.016667	1.016667	0.516667	0.283333	0.416667	0.766667	0.183333	0.300000	1.283333	0.266667	1.183333	0.683333	0.566667	1.283333	0.700000	1.066667	0.933333	0.750000	1.166667	0.750000	1.366667	0.400000	0.450000	1.400000	0.816667	0.766667	0.250000	0.216667	0.433333	0.250000	0.650000	0.666667	1.083333	0.866667	0.433333	1.616667	0.350000	1.033333	1.100000	0.716667	0.583333	0.716667	0.316667	0.383333	1.500000	1.516667	0.950000	0.216667	0.816667	0.383333	1.516667	0.766667	0.783333	0.583333	0.450000	0.533333	0.933333	0.533333	0.266667	0.166667	1.300000	0.300000	1.166667	0.183333	1.150000	1.250000	0.350000	0.233333	0.166667	1.000000	0.366667	0.750000	1.400000	0.216667	1.216667	0.883333	0.400000	0.816667	1.416667	0.666667	0.883333	
2.122646	1.370447	2.316382	1.612839	1.911969	0.090139	0.626498	0.380789	2.055480	1.358308	0.565685	0.304138	0.502494	1.912132	0.961769	2.218248	2.441311	1.510381	0.925338	1.134956	0.364005	2.005773	1.384061	0.406971	2.167516	0.951972	1.128051	1.437228	1.650000	2.042670	
1.450862	2.163909	1.926460	2.218812	2.205958	1.845603	1.467353	1.736555	1.917192	2.532908	1.532359	1.700184	1.305038	1.632674	1.752320	1.750714	1.743022	0.705780	0.877852	2.390084	1.463087	0.226385	0.474342	1.450862	0.721110	1.222957	0.867828	1.646587	0.340037	1.085415	
0.579871	1.578369	1.051190	1.546165	1.430035	1.897367	1.800174	1.587648	1.068000	2.038535	1.333464	1.878330	1.323112	0.784618	1.309819	0.875357	0.893378	0.336341	0.985203	1.961186	1.446764	0.934077	1.109617	1.646587	0.506211	0.903120	0.693271	0.970824	0.555090	0.265754	
1.000000	0.763217	0.686477	0.515388	0.127475	2.075151	2.380257	1.616516	0.391312	1.209597	1.454519	2.236767	1.748035	0.618971	1.033501	0.761577	1.051487	1.478386	1.751606	1.297112	1.750179	2.292651	2.220360	2.118962	1.850676	1.262191	1.478386	0.629484	1.843400	1.326885	
0.897566	1.648674	1.352082	1.667708	1.621149	1.701654	1.526434	1.453444	1.323820	2.067003	1.209339	1.644688	1.118034	1.039832	1.297112	1.179248	1.217580	0.145774	0.728869	1.956559	1.258968	0.707549	0.784618	1.402007	0.550568	0.807001	0.500000	1.085415	0.254951	0.583095	
0.872138	0.704006	0.654313	0.500000	0.230489	1.921100	2.198010	1.465009	0.325960	1.187960	1.286954	2.069118	1.565647	0.471699	0.886707	0.682367	0.982980	1.281601	1.553222	1.241219	1.576785	2.101934	2.018818	1.940522	1.681703	1.068878	1.277204	0.436606	1.648105	1.168867	
1.241219	2.180166	1.730787	2.194596	2.122646	2.075602	1.758551	1.903943	1.773415	2.593260	1.676305	1.960230	1.507481	1.490386	1.817966	1.554228	1.500000	0.675463	1.077613	2.474495	1.662077	0.251247	0.794119	1.708984	0.403887	1.308148	0.965660	1.611094	0.364005	0.855862	
1.515132	1.152443	1.765113	1.327121	1.525000	0.719809	0.807775	0.474342	1.544345	1.372953	0.282843	0.743303	0.180278	1.355083	0.667083	1.646398	1.843909	0.883883	0.395285	1.190851	0.269258	1.480920	0.972433	0.561805	1.551813	0.355317	0.502494	0.956883	1.068878	1.411559	
0.427200	1.431782	0.875357	1.380444	1.245492	1.891098	1.856913	1.546165	0.877852	1.905420	1.291559	1.900164	1.333464	0.594243	1.206493	0.701783	0.760345	0.436606	1.043132	1.843909	1.442437	1.123054	1.250000	1.680030	0.672681	0.862047	0.726722	0.816241	0.725000	0.251247	
1.149184	1.213724	1.464795	1.313868	1.405569	1.130542	1.101136	0.851469	1.298075	1.557241	0.608276	1.123610	0.559017	1.063602	0.777817	1.325000	1.486607	0.475657	0.333542	1.415318	0.680074	1.171804	0.831039	0.905884	1.150272	0.247487	0.111803	0.803508	0.715891	1.006231	
1.557442	0.700446	1.665270	0.921954	1.207528	0.784618	1.175266	0.325960	1.380670	0.866747	0.237171	0.965013	0.601041	1.277693	0.257391	1.590794	1.845603	1.188486	0.884590	0.689656	0.525595	1.916540	1.469906	0.900347	1.858259	0.522015	0.860959	0.765261	1.465009	1.579953	
2.131901	1.562850	2.378287	1.789728	2.057000	0.285044	0.357946	0.575000	2.142574	1.603317	0.673146	0.125000	0.445112	1.968661	1.116076	2.263846	2.462341	1.434617	0.800391	1.382932	0.381608	1.829276	1.176860	0.158114	2.061553	0.972433	1.062132	1.535008	1.516781	2.003279	
1.185854	0.671751	0.873212	0.406971	0.111803	2.057304	2.407930	1.599414	0.581485	1.073837	1.463087	2.238443	1.779923	0.797261	1.021335	0.951972	1.241219	1.611870	1.827738	1.185854	1.765113	2.438237	2.324059	2.140385	2.020210	1.325000	1.574206	0.707107	1.980057	1.502706	
0.922293	1.361295	1.305038	1.407569	1.415318	1.432000	1.345362	1.150000	1.201041	1.761391	0.901388	1.408900	0.854400	0.933408	0.986154	1.147007	1.261943	0.176777	0.530330	1.644118	0.982344	0.972433	0.825000	1.179248	0.853302	0.491172	0.223607	0.838525	0.494975	0.721110	
0.201556	1.425000	0.292617	1.265899	0.975000	2.305022	2.385634	1.895059	0.480885	1.925162	1.657181	2.369863	1.803122	0.353553	1.407569	0.125000	0.237171	1.044031	1.595306	1.935362	1.879162	1.686898	1.861619	2.176149	1.114955	1.274755	1.269350	0.879275	1.330883	0.588430	
1.000000	0.763217	0.686477	0.515388	0.127475	2.075151	2.380257	1.616516	0.391312	1.209597	1.454519	2.236767	1.748035	0.618971	1.033501	0.761577	1.051487	1.478386	1.751606	1.297112	1.750179	2.292651	2.220360	2.118962	1.850676	1.262191	1.478386	0.629484	1.843400	1.326885	
2.003902	1.501874	2.260669	1.718284	1.968661	0.371652	0.375832	0.539676	2.032548	1.583114	0.588430	0.257391	0.318198	1.850676	1.039832	2.142574	2.335862	1.300000	0.667083	1.367708	0.285044	1.708984	1.068000	0.103078	1.928244	0.851469	0.928036	1.431127	1.386092	1.869826	
1.015197	1.050298	1.290591	1.129712	1.206493	1.207528	1.261943	0.863134	1.106797	1.430035	0.608276	1.241974	0.672681	0.883883	0.651920	1.160011	1.345362	0.506211	0.530330	1.308864	0.763217	1.293493	1.020110	1.044330	1.171804	0.176777	0.269258	0.604669	0.820061	0.934077	
1.219119	0.302076	1.060660	0.125000	0.353553	1.655295	2.026234	1.198176	0.731864	0.781425	1.073837	1.842044	1.405569	0.818917	0.625000	1.075291	1.375909	1.410009	1.505199	0.840387	1.377725	2.250000	2.039914	1.755349	1.925162	0.995301	1.290591	0.460977	1.775704	1.454519	
2.205108	1.456022	2.404423	1.700184	2.001562	0.035355	0.590021	0.469707	2.144907	1.428504	0.654313	0.246221	0.564026	1.999531	1.051487	2.304886	2.525495	1.576587	0.976281	1.204159	0.436606	2.043588	1.408013	0.403113	2.227667	1.033501	1.195042	1.526843	1.701654	2.117339	
1.879495	1.118034	2.053351	1.353006	1.643548	0.355317	0.789383	0.125000	1.787631	1.164313	0.305164	0.534439	0.391312	1.651704	0.693271	1.960230	2.191603	1.328768	0.814325	0.948683	0.235850	1.913439	1.346291	0.522015	2.000625	0.719809	0.950329	1.168867	1.516781	1.827054	
1.944544	1.576785	2.232711	1.777815	2.001250	0.538516	0.325000	0.660019	2.023765	1.700184	0.650481	0.378319	0.309233	1.823630	1.100284	2.105053	2.281036	1.197132	0.548293	1.490386	0.357946	1.553222	0.903466	0.127475	1.803122	0.828025	0.840015	1.439618	1.250250	1.782028	
0.620987	1.870328	0.525000	1.676678	1.328768	2.810360	2.869233	2.401041	0.851469	2.363260	2.163331	2.869233	2.300543	0.840387	1.903943	0.529741	0.282843	1.466714	2.065490	2.397525	2.381701	1.962938	2.261775	2.669387	1.325943	1.776584	1.741407	1.369535	1.691892	0.901388	
0.336341	1.226020	0.246221	1.060660	0.771767	2.180166	2.308950	1.755349	0.285044	1.725181	1.526843	2.265226	1.706239	0.180278	1.241471	0.134629	0.425735	1.054751	1.543535	1.743022	1.768120	1.770770	1.870328	2.085216	1.241219	1.171537	1.221167	0.705780	1.377044	0.704450	
1.840007	1.300240	2.074398	1.513275	1.762988	0.406971	0.575543	0.369121	1.837457	1.407569	0.382426	0.425735	0.176777	1.665083	0.834416	1.962301	2.167083	1.188486	0.602080	1.198176	0.079057	1.692077	1.095730	0.301040	1.842044	0.672681	0.807001	1.231107	1.325236	1.733854	
0.316228	1.628650	0.807001	1.542927	1.347683	2.160150	2.109650	1.813319	0.910014	2.116158	1.559046	2.165208	1.600195	0.654313	1.450216	0.632456	0.583631	0.656220	1.293493	2.071835	1.711176	1.177391	1.431782	1.941649	0.604152	1.130542	0.985203	1.013040	0.862047	0.075000	
1.212693	2.225562	1.703856	2.227386	2.136147	2.175000	1.868154	1.990603	1.767060	2.650000	1.758551	2.065188	1.603122	1.487027	1.879495	1.528275	1.453444	0.728869	1.175266	2.538331	1.756417	0.325000	0.905884	1.814008	0.328824	1.378858	1.044031	1.644118	0.452769	0.824621	
0.285044	1.275245	0.254951	1.113833	0.827647	2.202272	2.316382	1.782028	0.340037	1.775000	1.550202	2.281036	1.719193	0.213600	1.276959	0.106066	0.378319	1.035917	1.542927	1.789204	1.785532	1.735655	1.853712	2.096724	1.196349	1.185591	1.218862	0.743303	1.350231	0.660019	
0.075000	1.455378	0.419076	1.315770	1.051487	2.253470	2.304886	1.856071	0.570088	1.955761	1.612452	2.304886	1.735655	0.382426	1.394633	0.246221	0.282843	0.933408	1.505407	1.951442	1.820027	1.559848	1.748035	2.103717	0.989002	1.215010	1.180042	0.880696	1.209339	0.460977	
1.497707	0.575000	1.574206	0.794512	1.085415	0.905884	1.300961	0.447214	1.280625	0.781025	0.353553	1.092016	0.715891	1.196349	0.141421	1.509346	1.773415	1.202601	0.965013	0.625000	0.650000	1.962301	1.550202	1.026219	1.861619	0.548862	0.901388	0.673146	1.500833	1.550000	
1.039832	1.768120	1.500833	1.800174	1.767060	1.706605	1.475847	1.496036	1.475847	2.170973	1.261200	1.625000	1.126111	1.191900	1.393960	1.327121	1.353006	0.270416	0.711073	2.049695	1.275000	0.570088	0.660492	1.377044	0.553399	0.883530	0.546008	1.220656	0.103078	0.705780	
0.230489	1.693554	0.630971	1.566046	1.308864	2.382357	2.369863	2.010286	0.825379	2.192316	1.759616	2.406502	1.837457	0.632456	1.590990	0.477624	0.325960	0.930054	1.555635	2.175575	1.938105	1.425877	1.711176	2.190462	0.809707	1.341641	1.239456	1.100284	1.138530	0.348210	
1.510174	2.351728	1.997655	2.390084	2.348537	2.075602	1.684117	1.963734	2.023919	2.737015	1.755349	1.926460	1.535008	1.739253	1.956080	1.820886	1.775176	0.860233	1.106797	2.601082	1.693000	0.025000	0.682367	1.677982	0.673146	1.430035	1.075291	1.810559	0.496236	1.127497	
0.794512	1.895059	1.285496	1.866313	1.741407	2.088660	1.901480	1.825000	1.353006	2.348537	1.575793	2.031779	1.505199	1.076162	1.604875	1.109617	1.050298	0.500625	1.114955	2.261913	1.644118	0.700000	1.065950	1.787806	0.190394	1.156774	0.880696	1.290349	0.477624	0.406971	
1.081954	1.095730	1.367708	1.188486	1.278916	1.152443	1.185854	0.828402	1.185854	1.456451	0.575543	1.175266	0.605186	0.961769	0.675463	1.235162	1.414655	0.509902	0.452769	1.325000	0.704450	1.265158	0.956883	0.972433	1.184536	0.158114	0.215058	0.676849	0.797653	0.980434	
2.080865	1.422146	2.299185	1.655483	1.936814	0.176777	0.515388	0.427931	2.050152	1.446764	0.561805	0.230489	0.419076	1.891593	0.989002	2.193171	2.405333	1.432000	0.826514	1.225765	0.305164	1.895059	1.264911	0.282843	2.079663	0.910014	1.051487	1.435705	1.551813	1.980057	
1.077613	0.395285	1.030776	0.381608	0.522015	1.484082	1.800868	1.026219	0.716327	0.887764	0.863496	1.644878	1.171804	0.704006	0.445112	1.000625	1.290591	1.152443	1.241219	0.878208	1.162164	1.991231	1.770946	1.535008	1.698897	0.731864	1.021335	0.223607	1.515132	1.258223	
1.037123	2.101339	1.528275	2.088660	1.980057	2.157110	1.899013	1.938105	1.598828	2.539931	1.697425	2.069118	1.576785	1.320984	1.779396	1.353006	1.277204	0.632456	1.159741	2.439390	1.725181	0.485412	0.980115	1.819512	0.167705	1.298075	0.982980	1.507689	0.443001	0.649038	
0.145774	1.377044	0.353553	1.231107	0.961769	2.220360	2.295784	1.814008	0.480234	1.877665	1.574206	2.282132	1.714825	0.301040	1.336273	0.176777	0.313249	0.958188	1.505199	1.879162	1.792519	1.619413	1.776584	2.087163	1.063602	1.187697	1.179248	0.813941	1.252248	0.529741	
2.332381	1.504161	2.514210	1.756595	2.075151	0.127475	0.689656	0.550568	2.245690	1.425877	0.765261	0.336341	0.711073	2.112611	1.130542	2.420744	2.648703	1.722099	1.126111	1.201041	0.577170	2.192316	1.552417	0.538516	2.375921	1.163239	1.340009	1.626730	1.851520	2.256241	
1.677051	1.838478	2.071533	1.971199	2.082366	1.171004	0.770146	1.155692	1.948236	2.101339	1.011496	1.002809	0.695072	1.692077	1.364047	1.913766	2.013237	0.818917	0.371652	1.920937	0.845946	0.925338	0.269258	0.756637	1.277693	0.879275	0.626997	1.480287	0.707549	1.410009	
1.698897	1.707703	2.061553	1.858259	2.000000	0.982344	0.626997	0.973717	1.910007	1.942453	0.845946	0.825000	0.512957	1.668270	1.226020	1.912132	2.038535	0.866386	0.279508	1.755349	0.660019	1.101136	0.459619	0.575543	1.398660	0.776611	0.594243	1.400893	0.831039	1.467353	
0.707549	1.147007	0.279508	0.921954	0.550568	2.323924	2.537962	1.875167	0.190394	1.619027	1.675187	2.447703	1.913439	0.450000	1.310057	0.406971	0.660492	1.400893	1.820027	1.685415	1.948397	2.146654	2.203548	2.294695	1.621149	1.386542	1.510381	0.800391	1.739612	1.084551	
0.919918	1.202601	1.253994	1.256234	1.285496	1.346291	1.328768	1.029866	1.113833	1.601757	0.776611	1.352082	0.784618	0.862047	0.828025	1.107362	1.258223	0.325000	0.536773	1.487027	0.896172	1.131371	0.933408	1.136332	0.990581	0.350892	0.213600	0.696419	0.654313	0.784618	
0.467039	1.348379	0.025000	1.151086	0.809707	2.388122	2.531057	1.956080	0.325960	1.838818	1.733854	2.481179	1.925162	0.390512	1.423464	0.152069	0.369121	1.265899	1.767060	1.879661	1.982738	1.948236	2.084017	2.305022	1.384061	1.390144	1.444386	0.887764	1.575198	0.855132	
2.351197	1.621149	2.563323	1.866815	2.169245	0.182003	0.535023	0.637377	2.307867	1.575198	0.816241	0.190394	0.682825	2.156965	1.219119	2.460310	2.675117	1.691892	1.068878	1.350231	0.575543	2.103717	1.446764	0.427931	2.329297	1.180042	1.313868	1.690599	1.789204	2.247499	
1.187697	0.905884	1.402007	1.030776	1.179248	1.026219	1.175266	0.649038	1.175266	1.239456	0.395285	1.098294	0.548862	0.992472	0.459619	1.290591	1.505407	0.728011	0.570088	1.102554	0.601041	1.485135	1.129436	0.930390	1.397542	0.070711	0.425735	0.594243	1.020417	1.147279	
0.673146	1.345595	1.073837	1.343968	1.285739	1.638788	1.591383	1.315295	1.004988	1.788854	1.060660	1.637834	1.073546	0.725431	1.044031	0.910014	1.012423	0.226385	0.778621	1.700184	1.188486	1.041933	1.035917	1.415318	0.752080	0.629484	0.460977	0.760345	0.585235	0.492443	
0.467039	1.002809	0.477624	0.869626	0.654313	1.928892	2.083867	1.500000	0.300000	1.503330	1.274755	2.022993	1.470544	0.079057	0.984886	0.391312	0.667083	0.933408	1.343968	1.505199	1.523975	1.717738	1.725724	1.851520	1.261200	0.936082	1.030776	0.450694	1.285496	0.743303	
1.977530	0.604669	1.937298	0.860233	1.248249	1.079641	1.645068	0.749166	1.612839	0.325960	0.849264	1.343968	1.185854	1.619413	0.649038	1.917192	2.207091	1.792345	1.520691	0.103078	1.063602	2.552082	2.103717	1.384061	2.442975	1.141271	1.492062	1.102554	2.093144	2.093144	
0.831039	1.950801	1.322167	1.920937	1.792519	2.133219	1.934231	1.875167	1.398660	2.404423	1.626730	2.071533	1.549597	1.123610	1.660196	1.147007	1.075291	0.550000	1.154340	2.317461	1.690044	0.676849	1.079641	1.826369	0.134629	1.209339	0.928036	1.345595	0.496236	0.443001	
1.410895	0.378319	1.431127	0.588430	0.887764	1.107079	1.503330	0.650000	1.123610	0.680074	0.550000	1.298075	0.905539	1.075291	0.111803	1.384061	1.662077	1.243483	1.107362	0.577170	0.851469	2.042211	1.685415	1.229075	1.875667	0.637377	0.989949	0.546008	1.570032	1.513275	
1.480287	0.325960	1.477329	0.561805	0.890225	1.123610	1.550202	0.673146	1.163239	0.590021	0.604669	1.328768	0.965984	1.133854	0.195256	1.439184	1.722099	1.333464	1.187697	0.491172	0.900347	2.131901	1.768120	1.275245	1.963734	0.725000	1.078483	0.608276	1.660008	1.594718	
1.725724	0.371652	1.683931	0.636396	1.015197	1.134956	1.640503	0.728869	1.360606	0.355317	0.749166	1.375227	1.109617	1.364734	0.437321	1.662265	1.952242	1.588238	1.390144	0.230489	1.013040	2.375000	1.975633	1.368622	2.223876	0.960469	1.315770	0.850368	1.906895	1.853712	
0.292617	1.621149	0.783023	1.531747	1.331587	2.170397	2.126029	1.820027	0.890225	2.110095	1.566046	2.178302	1.612452	0.637377	1.450000	0.608790	0.559017	0.675463	1.310057	2.068363	1.721918	1.202341	1.454519	1.955920	0.626997	1.138530	1.000000	1.006541	0.886002	0.100000	
0.701783	1.486607	0.237171	1.261200	0.883883	2.616534	2.782647	2.176149	0.485412	1.958475	1.962938	2.721328	2.170973	0.638847	1.625000	0.403113	0.493077	1.525000	2.025617	2.024846	2.221627	2.186607	2.343608	2.551960	1.600781	1.636498	1.703856	1.098294	1.827738	1.085415	
0.304138	1.756417	0.601041	1.613420	1.332760	2.496247	2.493116	2.117339	0.838525	2.256795	1.868321	2.525495	1.955920	0.682367	1.681703	0.471699	0.246221	1.055047	1.679472	2.250555	2.053807	1.530114	1.833712	2.311385	0.901388	1.454519	1.362213	1.177391	1.258223	0.469707	
1.025000	1.898190	1.505199	1.912132	1.848141	1.880990	1.634778	1.668832	1.518223	2.316247	1.431782	1.795132	1.300961	1.233390	1.544345	1.328768	1.315295	0.395285	0.883883	2.202981	1.450000	0.482830	0.761988	1.546165	0.391312	1.044629	0.715891	1.328768	0.180278	0.657647	
1.151086	0.672681	0.843356	0.410030	0.079057	2.046033	2.389168	1.587648	0.548293	1.086566	1.446764	2.223876	1.760149	0.761988	1.007782	0.919239	1.209597	1.578963	1.801562	1.192686	1.748035	2.404423	2.294559	2.122499	1.984943	1.300240	1.545356	0.679154	1.946953	1.467353	
0.459619	1.025305	0.424264	0.879275	0.640312	1.981161	2.139655	1.550202	0.251247	1.525819	1.326885	2.077408	1.525819	0.055902	1.028652	0.348210	0.632949	0.980115	1.399330	1.535008	1.578171	1.755705	1.776584	1.906895	1.285010	0.991527	1.085415	0.492443	1.328768	0.760345	
1.394633	1.900658	1.838818	1.979425	2.009042	1.535008	1.195042	1.421487	1.777815	2.245134	1.221935	1.402007	0.989002	1.500208	1.468205	1.668832	1.715554	0.550568	0.561805	2.093442	1.147007	0.539676	0.291548	1.151086	0.860233	0.938416	0.590021	1.425219	0.301040	1.073837	
1.500208	0.803508	1.648674	1.004988	1.258223	0.761988	1.082243	0.325960	1.380670	1.005609	0.127475	0.906228	0.480885	1.250000	0.325960	1.560649	1.801735	1.068878	0.743303	0.831039	0.431567	1.779923	1.328768	0.809707	1.743022	0.403113	0.728869	0.761988	1.332760	1.492062	
2.236767	1.355775	2.397525	1.610124	1.934716	0.160078	0.785016	0.425735	2.121615	1.275245	0.660492	0.437321	0.675463	2.000000	0.995615	2.310438	2.546812	1.668832	1.104536	1.050298	0.525595	2.191603	1.574206	0.590021	2.333586	1.077033	1.286954	1.503537	1.826540	2.182029	
0.525595	1.255488	0.100000	1.052675	0.707107	2.333452	2.499625	1.895554	0.230489	1.743022	1.679472	2.436314	1.886299	0.357946	1.352082	0.215058	0.469707	1.278916	1.750179	1.789204	1.936653	1.990603	2.093144	2.267432	1.444386	1.352082	1.431127	0.820061	1.601757	0.910014	
1.367708	0.270416	1.176063	0.035355	0.403887	1.700184	2.109502	1.250000	0.850000	0.680074	1.154340	1.903943	1.500000	0.965013	0.701783	1.206493	1.507481	1.565647	1.631334	0.776611	1.457738	2.405333	2.177298	1.835926	2.085216	1.123054	1.431782	0.618971	1.930026	1.612452	
0.350000	1.457738	0.176777	1.275980	0.951972	2.416868	2.520045	1.997029	0.456207	1.954002	1.765113	2.492614	1.928892	0.425000	1.487658	0.111803	0.213600	1.195042	1.736555	1.981161	1.998281	1.833371	2.013082	2.304886	1.250000	1.396648	1.410895	0.951972	1.482608	0.731864	
1.320038	1.408900	1.667708	1.525819	1.629801	1.082243	0.938416	0.893378	1.515957	1.717010	0.682367	1.021335	0.500625	1.273038	0.950329	1.520691	1.660008	0.536773	0.125000	1.557241	0.650481	1.063602	0.626498	0.782624	1.167262	0.436606	0.201556	1.027740	0.654313	1.125000	
0.579871	1.425219	0.111803	1.212693	0.850000	2.510478	2.663292	2.074398	0.403887	1.907387	1.856239	2.608759	2.055024	0.520216	1.532359	0.276134	0.406971	1.397542	1.901480	1.961186	2.109650	2.065188	2.216134	2.435416	1.487027	1.520074	1.578963	1.000000	1.701654	0.965984	
1.281601	0.353553	1.075291	0.090139	0.302076	1.759616	2.146072	1.305038	0.750417	0.783023	1.191900	1.954002	1.528275	0.877852	0.740355	1.110180	1.410895	1.525819	1.632674	0.874643	1.496036	2.365639	2.166218	1.874166	2.022993	1.122776	1.416201	0.575543	1.892914	1.539683	
1.770946	1.380670	2.040221	1.575793	1.795132	0.550000	0.529741	0.515388	1.823630	1.533175	0.456207	0.493077	0.103078	1.630376	0.900347	1.917355	2.104311	1.068000	0.450694	1.330883	0.195256	1.529706	0.928036	0.285044	1.706239	0.630971	0.693271	1.234909	1.176063	1.634205	
1.241219	1.895554	1.701654	1.948397	1.940522	1.675746	1.375682	1.518223	1.668832	2.272664	1.300000	1.562850	1.110180	1.386092	1.491643	1.528275	1.552417	0.443001	0.679154	2.136147	1.265899	0.450694	0.480234	1.311726	0.665676	0.965013	0.610328	1.376817	0.111803	0.901388	
1.195042	0.604669	1.300240	0.735697	0.927699	1.117195	1.394633	0.672681	1.025914	0.970824	0.471699	1.252996	0.764853	0.908983	0.206155	1.221935	1.477329	0.951972	0.869626	0.863496	0.761577	1.754459	1.431127	1.130542	1.589222	0.369121	0.710634	0.406971	1.280625	1.251000	
1.352082	2.071986	1.825685	2.121910	2.104311	1.808487	1.461592	1.676678	1.814180	2.448724	1.465009	1.676678	1.255488	1.529706	1.667708	1.650189	1.648105	0.604152	0.824621	2.310438	1.412887	0.279508	0.493077	1.425877	0.656220	1.140175	0.785016	1.547781	0.237171	0.990581	
0.270416	1.600195	0.371652	1.435705	1.130542	2.461834	2.516446	2.059126	0.632456	2.100000	1.817966	2.516446	1.947434	0.530330	1.581139	0.261008	0.070711	1.129712	1.715007	2.112019	2.030394	1.700184	1.937298	2.315842	1.093446	1.425219	1.390144	1.055047	1.382932	0.602080	
2.198010	1.473516	2.404163	1.715554	2.012461	0.070711	0.555090	0.482830	2.147819	1.455378	0.656220	0.213600	0.546008	1.998281	1.062132	2.302444	2.520045	1.559046	0.952956	1.231361	0.425000	2.015564	1.377044	0.369121	2.207091	1.026219	1.178187	1.530523	1.677982	2.104311	
2.416868	1.776584	2.657536	2.016340	2.304886	0.350000	0.403887	0.783023	2.415186	1.751606	0.930390	0.160078	0.730154	2.248472	1.355775	2.545830	2.746930	1.711176	1.068000	1.526843	0.656220	2.050610	1.377044	0.395285	2.325134	1.255239	1.342805	1.802776	1.770770	2.285416	
1.775704	0.357946	1.703856	0.610328	0.999062	1.229075	1.746783	0.834416	1.377044	0.247487	0.860959	1.475212	1.221167	1.403567	0.535023	1.693554	1.987775	1.680774	1.500000	0.182003	1.123054	2.475505	2.085216	1.475847	2.307732	1.063015	1.418185	0.903120	2.005305	1.922563	
0.500625	1.456237	0.103078	1.253994	0.903120	2.495621	2.627975	2.065490	0.431567	1.944544	1.841535	2.584811	2.026388	0.494975	1.535008	0.213600	0.318198	1.334166	1.856071	1.988875	2.087163	1.985101	2.153050	2.405333	1.401116	1.491643	1.531747	0.999062	1.629801	0.883883	
0.637377	1.407569	1.060660	1.396648	1.320984	1.708801	1.646398	1.389469	1.015197	1.856239	1.134956	1.702388	1.140449	0.731864	1.116076	0.892328	0.973717	0.230489	0.831039	1.770946	1.258223	1.006231	1.049405	1.476906	0.682825	0.704006	0.520216	0.813941	0.564026	0.425000	
1.820886	0.357946	1.686898	0.539676	0.925000	1.451938	1.972942	1.060660	1.358308	0.158114	1.077033	1.700735	1.439618	1.430472	0.710634	1.700184	2.000000	1.825171	1.698897	0.313249	1.346291	2.638773	2.281584	1.701654	2.426546	1.239456	1.591383	0.972433	2.163909	2.008109	
2.358495	1.550806	2.547793	1.802256	2.118077	0.145774	0.656220	0.590021	2.282132	1.475847	0.797261	0.305164	0.721543	2.144907	1.171804	2.452040	2.676869	1.734395	1.129436	1.251000	0.594243	2.186607	1.540292	0.522015	2.383799	1.187697	1.353006	1.663205	1.854218	2.275000	
1.171804	1.421487	1.542117	1.510381	1.574206	1.241219	1.101136	1.019804	1.414214	1.769181	0.790569	1.188486	0.657647	1.158123	0.989949	1.388569	1.511622	0.369121	0.285044	1.625000	0.801561	0.964689	0.642748	0.950329	1.007782	0.459619	0.111803	0.976281	0.522015	0.960469	
0.704006	0.798827	0.795692	0.745822	0.687841	1.609542	1.788854	1.180042	0.559017	1.285496	0.955249	1.710263	1.166190	0.395285	0.680074	0.707549	0.965660	0.816241	1.089151	1.252248	1.210372	1.650947	1.538059	1.547781	1.305038	0.637377	0.800000	0.182003	1.185327	0.854400	
0.254951	1.500833	0.285044	1.333464	1.027740	2.395047	2.471462	1.985101	0.529741	2.000156	1.747319	2.458785	1.891593	0.436606	1.495201	0.158114	0.152069	1.114955	1.677982	2.015564	1.968661	1.729523	1.930026	2.263846	1.140175	1.364047	1.352082	0.965013	1.389469	0.626997	
1.594522	1.274755	1.865811	1.451938	1.648105	0.686477	0.693271	0.527376	1.654728	1.479231	0.381608	0.665676	0.103078	1.456237	0.789383	1.741407	1.927596	0.910014	0.340037	1.290349	0.251247	1.439184	0.890225	0.460977	1.562850	0.458939	0.529741	1.075291	1.052675	1.464795	
1.786232	1.516781	2.088211	1.700735	1.898848	0.661910	0.465027	0.675463	1.891098	1.688564	0.601041	0.539676	0.237171	1.680774	1.032594	1.955920	2.123970	1.029563	0.380789	1.488498	0.355317	1.410895	0.784618	0.292617	1.638025	0.696419	0.675463	1.322167	1.089151	1.615936	
0.766893	1.515132	1.206493	1.521923	1.464795	1.686157	1.570032	1.400893	1.167262	1.947434	1.150000	1.655295	1.106797	0.883883	1.188486	1.035917	1.096586	0.106066	0.755811	1.848141	1.236932	0.862047	0.910014	1.420607	0.612883	0.728869	0.474342	0.938416	0.412311	0.494975	
0.575543	1.622113	1.054751	1.585284	1.460308	1.944865	1.840007	1.637261	1.086566	2.084616	1.383158	1.923051	1.369535	0.805062	1.358538	0.878208	0.879275	0.375000	1.026219	2.009042	1.494364	0.921954	1.129712	1.690044	0.465027	0.952956	0.738664	1.012423	0.564026	0.235850	
1.754459	1.554228	2.071382	1.729523	1.913276	0.740355	0.494975	0.743303	1.884808	1.744276	0.650000	0.608276	0.291548	1.666208	1.068878	1.934716	2.093442	0.977880	0.325960	1.547781	0.424264	1.333464	0.705780	0.357946	1.573412	0.697316	0.636396	1.328768	1.019804	1.570032	
1.619027	0.215058	1.453444	0.301040	0.680074	1.578765	2.051371	1.152443	1.126111	0.403887	1.113833	1.808487	1.475847	1.220912	0.687841	1.476906	1.777815	1.715554	1.677982	0.530330	1.405569	2.546566	2.248611	1.776584	2.281721	1.187697	1.525819	0.806226	2.068967	1.835245	
1.281113	1.785007	1.718284	1.857586	1.882153	1.500833	1.211662	1.352082	1.651704	2.140823	1.140449	1.389469	0.937083	1.375000	1.361295	1.549597	1.606432	0.427931	0.505594	1.995307	1.093446	0.604152	0.395285	1.138530	0.816241	0.831039	0.477624	1.300000	0.246221	0.973717	
2.351197	1.885636	2.635930	2.108613	2.363922	0.548293	0.150000	0.900000	2.418677	1.923538	0.982344	0.269258	0.694622	2.226264	1.431782	2.510603	2.687936	1.587844	0.936082	1.701654	0.680074	1.835926	1.152443	0.313249	2.163475	1.227294	1.241974	1.822944	1.597655	2.180023	
2.050914	1.625192	2.330772	1.835926	2.074247	0.471699	0.251247	0.673146	2.114976	1.717010	0.704006	0.275000	0.391312	1.921100	1.156774	2.205958	2.386551	1.308864	0.660019	1.502082	0.400780	1.650757	0.990581	0.035355	1.913439	0.922293	0.950329	1.523155	1.358538	1.892914	
0.357946	1.305996	0.152069	1.127497	0.814325	2.285963	2.412986	1.860108	0.316228	1.802776	1.632483	2.371181	1.811767	0.285044	1.341641	0.055902	0.353553	1.138530	1.643548	1.829105	1.874166	1.829105	1.956559	2.190462	1.276959	1.277204	1.320038	0.805062	1.450000	0.743303	
0.180278	1.394633	0.625500	1.297353	1.098294	2.049695	2.070175	1.671264	0.673146	1.887624	1.421487	2.085216	1.515132	0.406971	1.256234	0.450000	0.520216	0.687841	1.265158	1.856071	1.608765	1.353237	1.504161	1.876832	0.832166	1.007782	0.941077	0.785016	0.976281	0.301040	
2.104311	0.660019	1.925000	0.778621	1.129436	1.659254	2.219234	1.312440	1.600781	0.269258	1.364734	1.923538	1.721918	1.706239	1.025914	1.957837	2.258871	2.145052	2.005305	0.485412	1.615549	2.958568	2.590005	1.954002	2.741464	1.556037	1.909188	1.276959	2.483948	2.311926	
1.733494	1.150000	1.945829	1.361295	1.612839	0.480885	0.726722	0.265754	1.700184	1.276959	0.230489	0.561805	0.195256	1.538059	0.682367	1.839837	2.055024	1.134956	0.608790	1.073546	0.075000	1.707703	1.151086	0.452769	1.802776	0.561805	0.753741	1.089151	1.311726	1.653217	
1.185327	0.850000	1.380670	0.976281	1.131923	1.035012	1.211662	0.640800	1.144825	1.187697	0.391312	1.120547	0.581485	0.972433	0.406971	1.274755	1.497707	0.766893	0.625000	1.054751	0.620987	1.535008	1.185327	0.961769	1.431782	0.125000	0.477624	0.553399	1.068000	1.163239	
0.928036	1.449569	1.334166	1.491015	1.486607	1.491643	1.370447	1.226020	1.250250	1.851520	0.980115	1.454519	0.910014	0.976281	1.076162	1.171004	1.265158	0.103078	0.555090	1.733854	1.044330	0.884590	0.778621	1.219119	0.775403	0.577170	0.279508	0.917878	0.406971	0.691466	
1.582127	1.671264	1.954642	1.806931	1.927596	1.064483	0.749166	1.005609	1.814180	1.935523	0.849264	0.928036	0.548862	1.566046	1.196349	1.802256	1.921263	0.743303	0.206155	1.757306	0.704450	1.007782	0.410030	0.676849	1.276959	0.715891	0.491172	1.325943	0.711512	1.343968	
6	12	18	
6	12	18	
6	12	18	
6	12	18	
6	12	18	
6	12	18	
6	12	18	
6	12	18	
6	12	18	
6	12	18	
6	12	18	
6	12	18	
6	12	18	
6	12	18	
6	12	18	
6	12	18	
6	12	18	
6	12	18	
6	12	18	
6	12	18	
6	12	18	
6	12	18	
6	12	18	
6	12	18	
6	12	18	
6	12	18	
6	12	18	
6	12	18	
6	12	18	
6	12	18	
7	12	17	
7	12	17	
7	12	17	
7	12	17	
7	12	17	
7	12	17	
7	12	17	
7	12	17	
7	12	17	
7	12	17	
7	12	17	
7	12	17	
7	12	17	
7	12	17	
7	12	17	
7	12	17	
7	12	17	
7	12	17	
7	12	17	
7	12	17	
7	12	17	
7	12	17	
7	12	17	
7	12	17	
7	12	17	
7	12	17	
7	12	17	
7	12	17	
7	12	17	
7	12	17	
1.000000	1.000000	1.000000	
1.000000	1.000000	1.000000	
1.000000	1.000000	1.000000	
1.000000	1.000000	1.000000	
1.000000	1.000000	1.000000	
1.000000	1.000000	1.000000	
1.000000	1.000000	1.000000	
1.000000	1.000000	1.000000	
1.000000	1.000000	1.000000	
1.000000	1.000000	1.000000	
1.000000	1.000000	1.000000	
1.000000	1.000000	1.000000	
1.000000	1.000000	1.000000	
1.000000	1.000000	1.000000	
1.000000	1.000000	1.000000	
1.000000	1.000000	1.000000	
1.000000	1.000000	1.000000	
1.000000	1.000000	1.000000	
1.000000	1.000000	1.000000	
1.000000	1.000000	1.000000	
1.000000	1.000000	1.000000	
1.000000	1.000000	1.000000	
1.000000	1.000000	1.000000	
1.000000	1.000000	1.000000	
1.000000	1.000000	1.000000	
1.000000	1.000000	1.000000	
1.000000	1.000000	1.000000	
1.000000	1.000000	1.000000	
1.000000	1.000000	1.000000	
1.000000	1.000000	1.000000	
0.200000
168