100
30
3
0.483333	0.300000	0.616667	1.100000	0.550000	0.450000	0.350000	0.416667	0.166667	0.350000	0.600000	0.983333	1.050000	1.000000	1.483333	0.283333	0.233333	1.450000	0.316667	0.766667	0.950000	0.883333	0.166667	0.783333	0.983333	0.500000	1.066667	1.466667	1.400000	1.016667	0.300000	0.683333	0.350000	0.283333	1.400000	0.616667	1.400000	0.433333	0.616667	0.200000	0.200000	0.816667	0.650000	0.983333	0.800000	0.483333	1.166667	0.600000	0.300000	0.583333	0.300000	0.983333	0.266667	1.066667	1.000000	0.650000	1.333333	0.500000	1.633333	0.883333	0.766667	1.083333	0.250000	0.633333	0.450000	0.883333	0.766667	0.333333	0.366667	0.916667	0.800000	1.550000	1.416667	0.633333	1.266667	1.233333	0.650000	0.433333	0.350000	1.166667	1.133333	1.000000	1.166667	0.183333	1.466667	0.466667	1.583333	0.766667	0.916667	0.233333	1.500000	0.466667	0.866667	0.433333	1.283333	0.333333	0.383333	0.750000	0.716667	0.600000	
1.608765	2.088211	1.399330	1.255239	0.617454	2.620234	0.375832	2.071986	0.618971	0.827647	1.590008	1.151086	1.044330	0.955249	2.333452	2.037308	1.450000	1.308864	1.130542	1.811250	1.634396	0.789383	0.176777	1.202082	1.173936	1.305038	1.662077	0.553399	2.005617	1.340009	
1.226020	1.017657	1.410009	0.784618	1.570430	2.075000	0.951972	1.352082	1.743022	0.570088	0.336341	1.650757	0.725000	1.588238	1.491643	1.946953	1.803469	0.450694	2.080415	1.510174	1.815558	1.285739	1.325236	0.212132	1.150272	1.976898	1.011187	1.863129	2.136001	1.875000	
1.477329	1.140175	1.675187	1.047020	1.794610	2.281721	1.100284	1.553222	1.952562	0.805062	0.452769	1.910007	0.989949	1.839327	1.659254	2.202555	2.068363	0.704450	2.317596	1.759616	2.081015	1.535008	1.510174	0.477624	1.415980	2.232711	1.243232	2.007642	2.399088	2.135708	
0.566789	0.785016	0.939415	0.939415	1.910007	0.550000	1.979425	0.190394	2.145052	1.480920	1.294701	1.467353	1.151629	1.600195	0.357946	0.838153	1.328768	1.110180	2.107724	0.509902	1.129436	1.491643	2.039148	1.383158	1.027740	1.741049	0.546008	2.634507	1.182423	1.552417	
0.638847	0.648556	0.915492	0.309233	1.442654	1.478386	1.166726	0.770146	1.662265	0.636396	0.477624	1.298075	0.436606	1.308625	0.961769	1.367708	1.364734	0.182003	1.854218	0.916856	1.315770	1.050298	1.375227	0.452769	0.719809	1.638025	0.403113	1.981477	1.594522	1.495201	
1.120547	1.955920	0.941077	1.532359	1.697793	1.126111	2.258871	1.376817	1.873666	1.961186	2.230050	1.098294	1.638788	1.304320	1.583114	0.410030	0.794512	1.873666	1.539683	0.866386	0.600000	1.450216	2.059733	2.113350	1.226020	1.119431	1.414655	2.500000	0.226385	0.975000	
1.375909	2.174425	0.991527	1.278916	0.250000	2.248472	1.096586	1.913929	0.328824	1.202601	1.927596	0.496236	1.152443	0.325960	2.205958	1.485135	0.772172	1.532359	0.313249	1.450216	1.012423	0.525000	0.694622	1.583114	0.941077	0.475000	1.583114	0.961769	1.332760	0.577170	
1.052675	1.957837	0.626997	1.147007	0.701783	1.782028	1.411559	1.574206	0.862047	1.308148	1.889610	0.176777	1.110462	0.333542	1.863129	0.972433	0.247487	1.475847	0.590021	1.035917	0.494975	0.596343	1.110180	1.615936	0.735272	0.201556	1.327121	1.491643	0.794512	0.055902	
1.445035	2.201846	1.081954	1.299279	0.158114	2.351197	0.992472	1.979425	0.182003	1.158123	1.908042	0.617454	1.152443	0.425735	2.269637	1.608765	0.906228	1.525000	0.406971	1.542927	1.141271	0.546008	0.570088	1.549597	0.995301	0.625000	1.629801	0.813941	1.471819	0.721543	
0.592663	1.518634	0.316228	0.930054	1.197132	1.151086	1.650189	1.027740	1.407569	1.336273	1.661701	0.620987	1.017964	0.811249	1.300240	0.380789	0.391312	1.280625	1.220656	0.450000	0.175000	0.873212	1.497707	1.505199	0.601041	0.816241	0.905884	2.001406	0.425000	0.626498	
0.577170	0.910014	0.726722	0.103078	1.167262	1.546165	0.970824	0.896172	1.388569	0.459619	0.682367	1.044629	0.167705	1.039832	1.136332	1.273038	1.145098	0.270416	1.582127	0.859142	1.133578	0.775000	1.123610	0.480885	0.485412	1.384061	0.480885	1.733494	1.449569	1.252248	
1.164313	1.060955	1.317431	0.705780	1.443087	2.053807	0.838153	1.340009	1.615743	0.443001	0.416083	1.535008	0.620987	1.466714	1.502082	1.875667	1.697425	0.400780	1.954642	1.449353	1.720465	1.163239	1.201041	0.127475	1.050298	1.858259	0.975320	1.746425	2.049695	1.760859	
0.333542	1.267379	0.141421	0.651920	1.150272	1.133578	1.460522	0.834416	1.378858	1.093446	1.378858	0.660019	0.759111	0.805062	1.122776	0.552268	0.550568	1.000000	1.300000	0.320156	0.425000	0.763217	1.375909	1.231107	0.375832	0.941409	0.640800	1.927596	0.700446	0.756637	
0.901388	0.848528	1.098294	0.465027	1.402007	1.779396	0.956883	1.068878	1.600781	0.450694	0.353553	1.386768	0.447214	1.352082	1.244237	1.622113	1.511001	0.127475	1.873833	1.185854	1.505199	1.061249	1.243232	0.152069	0.851469	1.721918	0.700446	1.829105	1.816762	1.603512	
0.965984	1.007782	1.102554	0.498121	1.286954	1.891593	0.797653	1.195042	1.475847	0.304138	0.477624	1.331353	0.406971	1.274755	1.386542	1.668270	1.484924	0.246221	1.779220	1.250250	1.505407	0.975000	1.098294	0.111803	0.835539	1.659254	0.806226	1.676678	1.835756	1.555032	
1.538871	2.137317	1.265158	1.256234	0.353553	2.525495	0.604152	2.039148	0.336341	0.933408	1.714825	0.933408	1.062132	0.728869	2.315437	1.875667	1.237437	1.384061	0.845946	1.706055	1.443087	0.638847	0.158114	1.330883	1.081954	1.044330	1.645068	0.531507	1.804508	1.100284	
0.905884	0.381608	1.252248	0.682367	1.811077	1.525000	1.442221	0.800391	2.026234	0.928036	0.328824	1.667708	0.803508	1.684117	0.878208	1.611094	1.713549	0.450694	2.230050	1.150272	1.637834	1.425000	1.708801	0.601041	1.085415	2.007019	0.601041	2.304886	1.879162	1.858259	
0.893378	1.319327	0.838525	0.480234	0.828402	1.908042	0.571183	1.305038	1.026219	0.212132	0.926350	0.919239	0.265754	0.832166	1.557241	1.478386	1.123610	0.564026	1.320275	1.142639	1.202601	0.527376	0.704450	0.570088	0.555090	1.230091	0.890225	1.311964	1.566046	1.149184	
1.044330	1.976898	0.640800	1.248249	0.977880	1.621149	1.660196	1.525000	1.133854	1.500000	2.003902	0.412311	1.256234	0.602080	1.802776	0.776611	0.180278	1.595501	0.800391	0.952956	0.333542	0.831039	1.380670	1.769181	0.840015	0.375000	1.346291	1.765290	0.540833	0.230489	
0.901388	1.720465	0.778621	1.332760	1.638788	0.941409	2.125000	1.141271	1.833712	1.789728	2.011219	1.040733	1.456022	1.244237	1.352082	0.176777	0.750417	1.666208	1.559247	0.637377	0.515388	1.343968	1.966119	1.913929	1.060660	1.133578	1.187697	2.446554	0.246221	0.965013	
0.951972	1.871163	0.640312	1.274755	1.279893	1.328533	1.878330	1.353237	1.454734	1.632674	2.016494	0.682367	1.338376	0.887764	1.609542	0.474342	0.378319	1.627882	1.140175	0.776209	0.235850	1.054751	1.651704	1.840007	0.908983	0.715017	1.265158	2.081015	0.201556	0.559017	
1.209339	1.415980	1.206752	0.745822	1.040733	2.201420	0.391312	1.543535	1.188486	0.201556	0.854400	1.265158	0.552268	1.149184	1.762278	1.838818	1.488498	0.637377	1.578369	1.476906	1.574206	0.849264	0.750417	0.469707	0.921954	1.555635	1.132751	1.291559	1.937298	1.495410	
0.425000	0.938416	0.742041	0.867828	1.735655	0.594243	1.884808	0.347311	1.968661	1.412887	1.352082	1.263428	1.068000	1.407569	0.579871	0.626997	1.109617	1.102554	1.901480	0.292617	0.905539	1.325943	1.900658	1.377044	0.870704	1.525819	0.530330	2.483948	0.965013	1.336273	
0.257391	0.686477	0.657647	0.403113	1.475847	1.068878	1.445035	0.425735	1.710629	0.942404	0.883883	1.152443	0.617454	1.231107	0.695072	0.960469	1.122776	0.602080	1.775528	0.500000	1.007782	1.051190	1.538871	0.876427	0.601041	1.475212	0.055902	2.144907	1.226020	1.303840	
0.230489	0.704006	0.650481	0.469707	1.510381	0.995301	1.510381	0.371652	1.745888	1.012423	0.950329	1.159741	0.682367	1.250000	0.651920	0.903120	1.110180	0.676849	1.789728	0.442295	0.980434	1.085415	1.590990	0.951315	0.626997	1.475847	0.111803	2.194596	1.180042	1.300240	
1.055047	1.956559	0.776611	1.405569	1.422146	1.309819	2.030394	1.415318	1.590008	1.779396	2.139071	0.828402	1.479231	1.032594	1.657181	0.475000	0.525595	1.757306	1.248249	0.850368	0.380789	1.206493	1.800694	1.976424	1.051487	0.828025	1.366108	2.219234	0.127475	0.687841	
1.637834	2.094039	1.439184	1.273283	0.673146	2.651650	0.350892	2.093442	0.672681	0.828025	1.581139	1.202341	1.060660	1.007782	2.351728	2.079964	1.500208	1.311964	1.185854	1.845603	1.681703	0.834416	0.230489	1.193995	1.208305	1.360147	1.681703	0.564026	2.053807	1.393287	
1.338376	1.845603	1.140175	0.992472	0.512957	2.350532	0.336341	1.804508	0.617454	0.612883	1.393287	0.946375	0.785016	0.766893	2.068967	1.784657	1.234150	1.077033	1.063015	1.543535	1.400223	0.550000	0.182003	1.007782	0.906228	1.151629	1.396648	0.784618	1.775000	1.154340	
0.291548	1.162970	0.388909	0.745822	1.397542	0.886707	1.662265	0.651920	1.626346	1.250250	1.400893	0.896172	0.901388	1.050298	0.926350	0.437321	0.740355	1.063602	1.531747	0.079057	0.550568	1.005609	1.610318	1.320275	0.585235	1.154340	0.583631	2.170973	0.700446	0.965013	
0.427931	1.358538	0.075000	0.691466	1.065950	1.219887	1.426972	0.937083	1.291559	1.092016	1.434617	0.559017	0.771767	0.710634	1.225765	0.577170	0.452769	1.044330	1.198176	0.416083	0.355317	0.693271	1.313868	1.261943	0.357946	0.838525	0.728011	1.852363	0.670820	0.654313	
0.269258	0.943398	0.592663	0.728869	1.578171	0.749166	1.732231	0.403113	1.811767	1.270089	1.274755	1.119431	0.921954	1.256234	0.676849	0.605186	0.986471	0.990581	1.759616	0.176777	0.800391	1.166726	1.740869	1.262191	0.710634	1.394633	0.436606	2.323924	0.916856	1.206752	
0.570636	1.393960	0.546008	1.020110	1.518634	0.818917	1.888452	0.831039	1.735115	1.507481	1.677982	0.955249	1.163239	1.140175	1.068878	0.160078	0.721110	1.342805	1.555032	0.301040	0.480885	1.165386	1.787806	1.597655	0.803508	1.144825	0.851469	2.316517	0.474342	0.956883	
1.256234	0.676849	1.560649	0.939747	1.955761	1.898190	1.423025	1.178187	2.150145	0.977880	0.201556	1.917355	0.989002	1.899013	1.227294	1.975633	2.006552	0.608790	2.427061	1.515132	1.960230	1.613420	1.767767	0.579871	1.353006	2.256241	0.965013	2.328626	2.227386	2.125000	
1.041933	0.750417	1.291559	0.656220	1.629801	1.827738	1.129712	1.100284	1.825000	0.657647	0.125000	1.610124	0.673146	1.581139	1.225765	1.770770	1.720465	0.305164	2.104311	1.319327	1.697425	1.291559	1.451293	0.269258	1.060955	1.946953	0.790569	2.023919	1.991231	1.823630	
1.178187	1.033501	1.345595	0.726722	1.491643	2.051371	0.886002	1.333464	1.665270	0.491172	0.375000	1.575198	0.654313	1.510381	1.487027	1.894235	1.732412	0.406971	2.001406	1.463087	1.750000	1.207528	1.251000	0.145774	1.081954	1.900164	0.977880	1.795132	2.075151	1.800174	
0.550568	0.925000	0.691466	0.075000	1.147279	1.528275	0.977880	0.887764	1.370447	0.474342	0.716327	1.012423	0.160078	1.011187	1.133578	1.241219	1.110180	0.305164	1.555032	0.831039	1.098294	0.750417	1.116356	0.514782	0.450694	1.352082	0.471699	1.726630	1.415097	1.218862	
0.459619	0.745822	0.721110	0.158114	1.322167	1.372953	1.165386	0.704450	1.549597	0.648556	0.671751	1.122776	0.355317	1.150272	0.941077	1.185327	1.173936	0.316228	1.700000	0.743303	1.120547	0.912414	1.310773	0.583631	0.539676	1.461592	0.292617	1.921100	1.402007	1.312440	
1.027740	0.933408	1.389244	1.372953	2.370258	0.430116	2.414151	0.548862	2.605043	1.901480	1.579953	1.911969	1.587844	2.053807	0.375000	1.151086	1.747319	1.486607	2.549510	0.939415	1.528275	1.952562	2.495621	1.748035	1.488707	2.168237	0.964689	3.093643	1.500208	1.978004	
1.026219	1.150272	1.107079	0.550568	1.176860	1.985730	0.651920	1.305038	1.355775	0.176777	0.612883	1.277204	0.403887	1.200521	1.510381	1.703856	1.456451	0.375000	1.685415	1.305996	1.500833	0.896172	0.961769	0.226385	0.828025	1.595501	0.903466	1.533786	1.845603	1.505199	
1.601757	2.318000	1.255239	1.415318	0.257391	2.528463	0.951972	2.130874	0.025000	1.204159	1.975000	0.806226	1.250250	0.610328	2.418677	1.796698	1.096586	1.609542	0.515388	1.715554	1.330883	0.682367	0.506211	1.603122	1.144825	0.803508	1.767060	0.629484	1.662077	0.910014	
0.704006	0.381608	1.129436	0.870704	1.990603	0.893378	1.882153	0.235850	2.225000	1.355083	0.976281	1.648105	1.079641	1.741049	0.237171	1.207528	1.575198	0.905884	2.280488	0.800391	1.414214	1.566246	2.030394	1.155963	1.114955	1.957837	0.480885	2.640076	1.536636	1.777815	
1.600781	2.454588	1.185854	1.576785	0.585769	2.378287	1.432873	2.136001	0.559017	1.546165	2.256103	0.656220	1.471394	0.575000	2.428091	1.559247	0.840015	1.853712	0.035355	1.622113	1.085415	0.843356	1.011496	1.921100	1.204159	0.424264	1.842044	1.134956	1.335337	0.605186	
0.961769	0.701783	1.360606	1.239456	2.302851	0.637377	2.270050	0.430116	2.538700	1.747319	1.364734	1.890271	1.453444	2.013237	0.167705	1.237437	1.760149	1.308148	2.531057	0.941409	1.559848	1.879162	2.388122	1.559848	1.415097	2.170829	0.831039	2.993848	1.587648	1.982738	
0.400780	1.319327	0.025000	0.618971	1.025914	1.258223	1.353699	0.927699	1.255239	1.013040	1.366794	0.553399	0.693271	0.686477	1.219119	0.650481	0.491172	0.972433	1.193995	0.442295	0.424264	0.638847	1.253994	1.185854	0.279508	0.853302	0.686477	1.802776	0.749166	0.675000	
1.615549	2.425387	1.219119	1.530114	0.436606	2.455860	1.265158	2.154066	0.360555	1.432000	2.170829	0.700446	1.400893	0.561805	2.446554	1.663205	0.938416	1.779396	0.176777	1.672199	1.185591	0.775403	0.831039	1.819512	1.188486	0.559017	1.831154	0.930390	1.470757	0.715017	
1.467353	2.327150	1.051487	1.455378	0.535023	2.246803	1.380670	2.002030	0.564026	1.453444	2.146654	0.522015	1.358538	0.452769	2.294014	1.432873	0.710634	1.740869	0.125000	1.487658	0.957209	0.735272	0.977880	1.820027	1.076162	0.305164	1.711724	1.175266	1.220656	0.477624	
0.834416	1.325236	1.012423	1.303840	2.015099	0.316228	2.287056	0.728869	2.237465	1.842044	1.803122	1.467353	1.492062	1.646398	0.835539	0.538516	1.235162	1.557241	2.070024	0.585235	0.991527	1.637834	2.247360	1.831154	1.221167	1.657181	0.986471	2.801451	0.867828	1.470544	
0.916856	1.686898	0.850368	1.367708	1.746425	0.831039	2.202272	1.095730	1.945668	1.845603	2.019437	1.151629	1.505199	1.353237	1.286954	0.201556	0.866747	1.690599	1.681703	0.638847	0.626498	1.437228	2.061553	1.945829	1.126111	1.256234	1.185854	2.553919	0.369121	1.085415	
0.900000	1.110180	0.972754	0.425735	1.107079	1.873833	0.689656	1.208305	1.300000	0.160078	0.650000	1.160011	0.269258	1.095730	1.428504	1.570430	1.328768	0.325960	1.597263	1.177391	1.367708	0.794512	0.941077	0.292617	0.694622	1.484082	0.798827	1.533175	1.711176	1.386092	
0.840387	0.671751	1.101136	0.471699	1.525819	1.650000	1.130542	0.928036	1.733854	0.614919	0.285044	1.448491	0.530330	1.437228	1.083109	1.569235	1.539683	0.150000	1.972942	1.118034	1.505199	1.159741	1.399330	0.313249	0.883883	1.787806	0.594243	1.992643	1.792519	1.655295	
1.231107	1.511001	1.184536	0.784618	0.928036	2.237325	0.285044	1.600195	1.068000	0.250000	0.972433	1.192686	0.577170	1.063015	1.830983	1.827738	1.431782	0.726722	1.470757	1.488498	1.535008	0.770146	0.625500	0.585235	0.903120	1.469906	1.185327	1.171004	1.903943	1.421487	
1.285010	1.845603	1.059481	0.970824	0.410030	2.289651	0.445112	1.768120	0.539676	0.650481	1.430472	0.838525	0.772172	0.656220	2.039148	1.697793	1.129436	1.092016	0.960469	1.476482	1.302162	0.452769	0.195256	1.050298	0.840387	1.039832	1.366794	0.800391	1.675746	1.044031	
1.050000	1.965960	0.625500	1.175266	0.776611	1.741049	1.480920	1.562850	0.934077	1.362213	1.923538	0.235850	1.151086	0.406971	1.849493	0.919918	0.201556	1.510381	0.637377	1.013040	0.445112	0.660492	1.184536	1.660008	0.761577	0.223607	1.333464	1.564649	0.726722	0.035355	
0.901734	0.485412	1.221935	0.625000	1.729523	1.587648	1.338376	0.859142	1.941166	0.827647	0.251247	1.614001	0.725000	1.619413	0.961769	1.620378	1.677051	0.357946	2.161741	1.160011	1.615936	1.352082	1.612839	0.494975	1.035917	1.954002	0.610328	2.205958	1.874166	1.811250	
0.158114	0.855862	0.491172	0.325960	1.308864	1.138530	1.342805	0.570088	1.544345	0.867828	0.960469	0.976281	0.522015	1.055047	0.853302	0.883883	0.958188	0.617454	1.598828	0.443001	0.862047	0.883883	1.397542	0.879275	0.427200	1.300961	0.225000	1.998281	1.113833	1.131923	
0.843356	1.726630	0.427200	0.901388	0.660019	1.665083	1.243232	1.377044	0.866747	1.081954	1.643548	0.103078	0.866747	0.270416	1.669019	0.917878	0.279508	1.229837	0.743303	0.874643	0.467039	0.412311	1.002809	1.375000	0.491172	0.431567	1.100284	1.467353	0.831039	0.291548	
1.004054	0.905884	1.190851	0.561805	1.435705	1.877665	0.928036	1.163239	1.625769	0.452769	0.328824	1.457738	0.520216	1.411559	1.328533	1.723550	1.594522	0.230489	1.923051	1.288652	1.597263	1.114955	1.245492	0.070711	0.937083	1.789728	0.801561	1.818310	1.913766	1.677982	
0.412311	1.346291	0.127475	0.715017	1.120547	1.166726	1.478386	0.905539	1.345362	1.133854	1.450000	0.604669	0.807775	0.761988	1.191900	0.525595	0.475000	1.065950	1.241471	0.369121	0.347311	0.749166	1.369535	1.290591	0.403113	0.873212	0.719809	1.908042	0.638847	0.686477	
0.590021	1.445035	0.505594	1.021335	1.457738	0.896172	1.856071	0.893378	1.671264	1.492062	1.700184	0.886707	1.152443	1.075291	1.138530	0.152069	0.645174	1.353006	1.480076	0.340037	0.403113	1.114955	1.739253	1.601952	0.775000	1.068000	0.883883	2.258871	0.413824	0.880696	
1.114955	1.085415	1.450216	1.488498	2.445915	0.340037	2.530316	0.673146	2.679202	2.023919	1.727896	1.963734	1.702388	2.115715	0.525595	1.142639	1.779396	1.621149	2.595790	0.991527	1.550806	2.033624	2.592778	1.885802	1.573412	2.203548	1.084551	3.185122	1.485345	2.013237	
1.733494	2.452040	1.380670	1.549597	0.391312	2.651650	1.040733	2.263846	0.158114	1.325943	2.100595	0.915492	1.382932	0.726722	2.552082	1.906895	1.197132	1.739612	0.530330	1.841535	1.436358	0.816241	0.594243	1.725724	1.277693	0.873212	1.901480	0.577170	1.756595	0.998123	
0.388909	1.175266	0.291548	0.360555	0.964689	1.389244	1.122776	0.908983	1.200521	0.740355	1.116356	0.654313	0.413824	0.711073	1.197132	0.905539	0.707549	0.710634	1.258968	0.585235	0.695072	0.540833	1.095730	0.910014	0.079057	0.990581	0.564026	1.681703	1.028652	0.838153	
1.685415	2.499625	1.285739	1.604875	0.506211	2.515080	1.325236	2.223876	0.406971	1.504161	2.245134	0.763217	1.475847	0.632456	2.516446	1.714825	0.989949	1.854218	0.182003	1.736555	1.237437	0.850368	0.886707	1.892749	1.261200	0.596343	1.903943	0.941409	1.511622	0.761988	
0.553399	0.775403	0.781025	0.158114	1.299279	1.471394	1.085415	0.794512	1.521923	0.561805	0.605186	1.147007	0.302076	1.156774	1.020110	1.274755	1.221935	0.223607	1.702939	0.838153	1.185591	0.901388	1.256234	0.485412	0.571183	1.487027	0.388104	1.865643	1.480076	1.346291	
1.051487	0.945053	1.230091	0.604669	1.442654	1.927596	0.906228	1.212693	1.628074	0.450000	0.340037	1.484082	0.550568	1.431782	1.375682	1.769357	1.627882	0.279508	1.937298	1.336273	1.635925	1.132751	1.237437	0.050000	0.972433	1.814008	0.851469	1.803122	1.955761	1.706055	
0.854400	1.594522	0.834416	1.315770	1.766529	0.735697	2.184176	1.000000	1.972308	1.808487	1.947434	1.179248	1.463728	1.376817	1.185591	0.190394	0.905884	1.629801	1.732412	0.571183	0.660019	1.439184	2.064128	1.889610	1.101136	1.308625	1.110462	2.572086	0.450694	1.131923	
0.686477	0.617454	0.970824	0.364005	1.488498	1.500833	1.185591	0.785016	1.706239	0.656220	0.425735	1.353006	0.480885	1.361295	0.962094	1.415097	1.420607	0.180278	1.905912	0.961769	1.370447	1.100000	1.409122	0.436606	0.775403	1.693000	0.436606	2.013237	1.646398	1.550806	
1.347683	1.936814	1.096586	1.054751	0.336341	2.343608	0.512957	1.841535	0.443001	0.750417	1.530114	0.826514	0.860959	0.632949	2.116158	1.724094	1.125000	1.188486	0.884590	1.526434	1.311726	0.474342	0.152069	1.150272	0.895126	0.998123	1.445035	0.725000	1.681703	1.019804	
1.386768	2.291970	1.079641	1.715554	1.550806	1.582127	2.246108	1.747319	1.681703	2.049695	2.458785	1.000625	1.770064	1.187960	1.982738	0.789383	0.728869	2.068967	1.257229	1.185591	0.672681	1.415318	1.965960	2.276236	1.340009	0.880696	1.698897	2.313547	0.443001	0.803508	
1.350231	2.261222	0.925000	1.446764	0.790569	2.013237	1.595306	1.863632	0.876427	1.565647	2.183031	0.459619	1.397542	0.530330	2.149709	1.171804	0.491172	1.769357	0.436606	1.309819	0.715891	0.832541	1.234909	1.895059	1.037123	0.125000	1.629801	1.500833	0.919918	0.275000	
0.851469	1.040433	0.951972	0.375832	1.152443	1.814180	0.760345	1.142366	1.350926	0.230489	0.602080	1.171804	0.250000	1.119431	1.359458	1.535008	1.325943	0.257391	1.631334	1.131923	1.352082	0.822344	1.004054	0.270416	0.680074	1.500833	0.735272	1.599414	1.688379	1.395081	
0.406971	0.986471	0.512957	0.125000	1.091444	1.416201	1.063602	0.831039	1.323112	0.602080	0.880696	0.873212	0.251247	0.900000	1.101136	1.068000	0.943398	0.477624	1.450216	0.675000	0.919918	0.673146	1.131923	0.694622	0.292617	1.212693	0.430116	1.738174	1.234909	1.068000	
1.179248	2.104311	0.760345	1.330648	0.878208	1.800174	1.622113	1.677982	1.007782	1.520691	2.081015	0.390512	1.310773	0.538516	1.960230	0.956883	0.300000	1.668270	0.630971	1.113833	0.506211	0.811249	1.304320	1.820027	0.916856	0.213600	1.471394	1.640503	0.710634	0.160078	
1.340009	1.613420	1.278916	0.896172	0.936082	2.348004	0.190394	1.711907	1.053862	0.360555	1.053862	1.252996	0.687841	1.110180	1.941649	1.925649	1.504161	0.831039	1.485135	1.594718	1.619027	0.828025	0.588430	0.670820	1.000312	1.515132	1.297112	1.098294	1.990603	1.479231	
0.588430	1.480287	0.180278	0.694622	0.835539	1.450000	1.252248	1.123054	1.061249	0.983933	1.449569	0.357946	0.707990	0.485412	1.415318	0.776209	0.375000	1.040433	0.996243	0.640312	0.419076	0.474342	1.099147	1.219887	0.285044	0.675463	0.850368	1.625000	0.789383	0.509902	
1.114955	1.954002	0.716327	1.079641	0.403113	1.966119	1.141271	1.653217	0.581485	1.116356	1.779220	0.215058	0.989002	0.079057	1.945829	1.206493	0.506211	1.370447	0.477624	1.171804	0.738241	0.381608	0.813941	1.465009	0.704006	0.340037	1.343968	1.202082	1.075291	0.350892	
1.150272	0.527376	1.479231	0.877852	1.950000	1.752320	1.477329	1.035917	2.153631	1.000625	0.235850	1.865811	0.958188	1.863129	1.077613	1.860276	1.934231	0.577170	2.400651	1.399330	1.872165	1.587648	1.795132	0.617454	1.290591	2.205816	0.849264	2.371708	2.123970	2.065944	
0.764853	0.901388	0.925338	0.302076	1.250250	1.697425	0.901734	1.012423	1.457738	0.371652	0.522015	1.207528	0.269258	1.178187	1.221935	1.471819	1.331587	0.127475	1.706239	1.049405	1.331587	0.892328	1.132751	0.279508	0.672681	1.543535	0.612883	1.732953	1.650947	1.423464	
1.353237	2.225140	0.934077	1.364734	0.548293	2.121910	1.375000	1.885802	0.625500	1.402007	2.071533	0.406971	1.281113	0.371652	2.177298	1.308625	0.585769	1.662077	0.250000	1.365650	0.832541	0.670820	0.995301	1.756595	0.975320	0.190394	1.604875	1.252248	1.102554	0.353553	
0.686477	1.619027	0.291548	0.921954	0.995301	1.360147	1.510174	1.177391	1.200521	1.252248	1.675187	0.410030	0.965013	0.604669	1.460522	0.583095	0.201556	1.274755	1.012423	0.618466	0.152069	0.701783	1.319327	1.472455	0.535023	0.617454	0.989002	1.802256	0.527376	0.427200	
1.646398	2.225000	1.376817	1.352082	0.450000	2.635930	0.618466	2.142574	0.381608	1.000625	1.779923	1.039832	1.153527	0.834416	2.416868	1.986989	1.343968	1.463087	0.905884	1.816762	1.552417	0.750417	0.206155	1.393287	1.190851	1.134956	1.745351	0.424264	1.912132	1.200260	
0.986471	1.877665	0.564026	1.051487	0.637377	1.765113	1.313868	1.515957	0.817389	1.202082	1.789728	0.070711	1.007782	0.250000	1.806931	0.980115	0.269258	1.375909	0.614919	0.995301	0.506211	0.493077	1.027740	1.511622	0.642748	0.279508	1.250000	1.439184	0.838153	0.160078	
0.515388	0.419076	0.930390	0.590021	1.726992	1.052675	1.600781	0.325000	1.959751	1.075291	0.789383	1.426972	0.797261	1.500417	0.506211	1.152443	1.393287	0.640800	2.047102	0.700446	1.264911	1.305038	1.750000	0.903466	0.867828	1.750179	0.226385	2.360085	1.449569	1.578171	
0.667083	1.123610	0.682825	0.247487	0.958188	1.676678	0.805062	1.070047	1.176860	0.350892	0.838153	0.896172	0.050000	0.862047	1.325943	1.294701	1.043132	0.431567	1.393287	0.928036	1.076162	0.579871	0.915492	0.550568	0.403113	1.229837	0.656220	1.525819	1.421487	1.116356	
0.371652	1.187697	0.480234	0.838525	1.488707	0.795692	1.765290	0.642748	1.715554	1.350000	1.470757	0.970824	1.000312	1.133578	0.901388	0.371652	0.790569	1.147007	1.600195	0.090139	0.579871	1.102554	1.710629	1.408013	0.687841	1.211662	0.640312	2.267432	0.670820	1.021335	
1.397542	2.005773	1.129436	1.119431	0.291548	2.386027	0.570088	1.898190	0.371652	0.825379	1.604875	0.825379	0.929045	0.625500	2.175144	1.747319	1.127497	1.261200	0.831039	1.567043	1.323820	0.503115	0.158114	1.225255	0.941077	0.972433	1.505407	0.672681	1.690044	1.007782	
0.701783	0.961769	0.825379	0.226385	1.152443	1.667708	0.870704	1.006231	1.364734	0.347311	0.632456	1.095730	0.158114	1.068000	1.235162	1.391492	1.222957	0.226385	1.598828	0.982980	1.230091	0.785016	1.062132	0.375000	0.565685	1.431782	0.594243	1.668270	1.556639	1.311964	
0.673146	1.209597	0.625000	0.313249	0.863134	1.690599	0.790569	1.114955	1.085415	0.395285	0.941077	0.797653	0.152069	0.759111	1.380670	1.256234	0.957209	0.534439	1.290591	0.916856	1.006231	0.477624	0.851469	0.645174	0.340037	1.129436	0.707990	1.460308	1.360606	1.020110	
0.860233	1.470544	0.679154	0.571183	0.604669	1.869826	0.675000	1.345362	0.824621	0.480234	1.167262	0.656220	0.403113	0.561805	1.620378	1.330883	0.883530	0.775403	1.061249	1.063602	0.995301	0.257391	0.620987	0.831039	0.427200	0.960469	0.950329	1.220912	1.368622	0.886707	
0.592663	1.206752	0.522015	0.304138	0.862047	1.610124	0.879275	1.061249	1.091444	0.498121	0.998123	0.726722	0.215058	0.711073	1.335337	1.154340	0.866386	0.585235	1.253994	0.824621	0.905884	0.452769	0.901734	0.726722	0.237171	1.063602	0.665676	1.505199	1.258223	0.943398	
0.912414	1.843909	0.506211	1.116356	0.946375	1.535008	1.576587	1.400893	1.123610	1.386768	1.872165	0.350892	1.131371	0.555090	1.681703	0.707990	0.055902	1.465009	0.849264	0.834416	0.235850	0.745822	1.325000	1.644118	0.710634	0.430116	1.212693	1.748035	0.529741	0.247487	
1.715007	2.403383	1.379311	1.504161	0.371652	2.653771	0.942404	2.239699	0.145774	1.250250	2.028854	0.939747	1.329003	0.742041	2.525495	1.929378	1.231107	1.677051	0.618466	1.838478	1.464795	0.790569	0.498121	1.650189	1.255488	0.933408	1.867652	0.500625	1.796698	1.044031	
0.775000	1.693554	0.350892	0.930390	0.840387	1.515132	1.402230	1.290591	1.041933	1.192686	1.685415	0.250000	0.937083	0.447214	1.578765	0.742041	0.141421	1.275980	0.862047	0.752080	0.285044	0.577170	1.181630	1.450000	0.520216	0.485412	1.060660	1.648105	0.651920	0.301040	
1.353006	2.275000	1.011496	1.646398	1.403567	1.652460	2.118962	1.752320	1.528275	1.948397	2.397525	0.869626	1.683931	1.049405	2.001562	0.825000	0.617454	1.999531	1.099147	1.178187	0.610328	1.290591	1.824829	2.194596	1.256234	0.726722	1.666208	2.159282	0.475657	0.661910	
1.076162	1.985101	0.650481	1.179248	0.725431	1.789029	1.444386	1.594718	0.879275	1.343503	1.923051	0.212132	1.144825	0.364005	1.882817	0.972433	0.250000	1.509346	0.585769	1.051487	0.496236	0.630971	1.138530	1.650757	0.766893	0.182003	1.353699	1.510381	0.782624	0.025000	
1.747319	2.459294	1.397542	1.557442	0.403113	2.669387	1.030776	2.276648	0.167705	1.325236	2.101339	0.936082	1.388569	0.745822	2.564420	1.927596	1.219119	1.743022	0.555090	1.858259	1.457738	0.828025	0.585235	1.725181	1.290591	0.897566	1.912132	0.552268	1.779396	1.021335	
1.752320	2.325538	1.479231	1.456237	0.530330	2.740552	0.679154	2.248472	0.419076	1.092016	1.868321	1.128051	1.256234	0.921954	2.522400	2.084616	1.431782	1.559848	0.942404	1.921100	1.645068	0.853302	0.302076	1.480709	1.296389	1.202341	1.850676	0.318198	2.001250	1.278916	
1.325000	2.074398	0.972433	1.171804	0.079057	2.245690	0.919918	1.857586	0.265754	1.044031	1.786232	0.538516	1.026219	0.335410	2.147091	1.522539	0.838153	1.400223	0.485412	1.432873	1.063602	0.419076	0.525595	1.431782	0.872138	0.612883	1.504161	0.869626	1.408013	0.676849	
1.500000	2.198295	1.168867	1.296630	0.160078	2.443614	0.845946	2.024846	0.100000	1.079641	1.850000	0.752080	1.128051	0.548293	2.310979	1.733854	1.051487	1.485345	0.575543	1.626730	1.276959	0.575543	0.406971	1.478386	1.040433	0.801561	1.654728	0.656220	1.621149	0.883883	
1.106797	1.484082	1.027740	0.686477	0.798827	2.121615	0.357946	1.511622	0.961769	0.230489	1.011187	1.026219	0.471699	0.901734	1.757306	1.675187	1.264170	0.704450	1.330883	1.353237	1.370447	0.605186	0.564026	0.626997	0.750000	1.308625	1.095730	1.152443	1.740869	1.255488	
6	10	14	
6	10	14	
6	10	14	
6	10	14	
6	10	14	
6	10	14	
6	10	14	
6	10	14	
6	10	14	
6	10	14	
6	10	14	
6	10	14	
6	10	14	
6	10	14	
6	10	14	
6	10	14	
6	10	14	
6	10	14	
6	10	14	
6	10	14	
6	10	14	
6	10	14	
6	10	14	
6	10	14	
6	10	14	
6	10	14	
6	10	14	
6	10	14	
6	10	14	
6	10	14	
7	12	17	
7	12	17	
7	12	17	
7	12	17	
7	12	17	
7	12	17	
7	12	17	
7	12	17	
7	12	17	
7	12	17	
7	12	17	
7	12	17	
7	12	17	
7	12	17	
7	12	17	
7	12	17	
7	12	17	
7	12	17	
7	12	17	
7	12	17	
7	12	17	
7	12	17	
7	12	17	
7	12	17	
7	12	17	
7	12	17	
7	12	17	
7	12	17	
7	12	17	
7	12	17	
1.000000	1.000000	1.000000	
1.000000	1.000000	1.000000	
1.000000	1.000000	1.000000	
1.000000	1.000000	1.000000	
1.000000	1.000000	1.000000	
1.000000	1.000000	1.000000	
1.000000	1.000000	1.000000	
1.000000	1.000000	1.000000	
1.000000	1.000000	1.000000	
1.000000	1.000000	1.000000	
1.000000	1.000000	1.000000	
1.000000	1.000000	1.000000	
1.000000	1.000000	1.000000	
1.000000	1.000000	1.000000	
1.000000	1.000000	1.000000	
1.000000	1.000000	1.000000	
1.000000	1.000000	1.000000	
1.000000	1.000000	1.000000	
1.000000	1.000000	1.000000	
1.000000	1.000000	1.000000	
1.000000	1.000000	1.000000	
1.000000	1.000000	1.000000	
1.000000	1.000000	1.000000	
1.000000	1.000000	1.000000	
1.000000	1.000000	1.000000	
1.000000	1.000000	1.000000	
1.000000	1.000000	1.000000	
1.000000	1.000000	1.000000	
1.000000	1.000000	1.000000	
1.000000	1.000000	1.000000	
0.500000
168