100
30
3
0.283333	0.983333	0.316667	0.250000	0.183333	0.666667	0.800000	0.383333	0.966667	0.300000	0.600000	0.500000	0.683333	1.466667	1.116667	0.666667	1.066667	0.833333	0.450000	0.683333	0.833333	0.383333	0.933333	0.633333	0.500000	0.466667	0.516667	1.566667	0.533333	1.100000	0.500000	0.600000	0.616667	1.450000	0.950000	0.666667	1.250000	1.450000	0.300000	0.166667	1.266667	1.433333	1.150000	0.200000	1.083333	0.816667	1.383333	0.416667	0.850000	1.333333	0.750000	0.316667	0.766667	0.983333	0.416667	1.216667	0.433333	1.000000	1.633333	1.283333	1.400000	1.066667	0.783333	1.566667	0.533333	0.666667	0.883333	1.200000	0.483333	0.550000	0.783333	1.183333	0.650000	1.033333	0.850000	0.983333	0.533333	0.933333	0.983333	0.233333	1.416667	1.433333	0.250000	0.850000	0.283333	0.316667	1.500000	0.233333	0.550000	0.266667	0.633333	0.500000	0.333333	0.650000	0.750000	1.183333	1.266667	0.283333	0.483333	0.366667	
0.919239	1.717010	1.012423	0.951972	2.261913	0.965013	2.110095	1.368622	2.002498	0.333542	1.350926	1.588238	1.012423	2.047102	0.921954	1.103687	1.248249	0.485412	1.672760	1.274755	1.207528	0.502494	1.134956	0.230489	1.920937	1.745351	2.064128	0.886002	1.449353	2.302173	
2.247221	0.831039	1.992486	1.592561	1.263428	1.206752	0.522015	0.608790	0.514782	1.759616	2.267157	0.427200	1.341641	0.673146	0.886002	0.485412	1.120547	1.654728	0.125000	1.341641	1.740869	1.092016	2.250694	1.604875	1.550806	1.789204	0.887764	0.921954	2.107872	1.686713	
1.752320	0.304138	2.186464	0.962094	0.850368	0.594243	1.160011	0.200000	0.835539	1.428504	1.595501	1.176063	1.700184	1.470544	1.213724	0.728869	1.622113	1.706605	0.761577	0.583631	1.030776	0.973717	1.655295	1.543535	0.789383	0.989002	0.675463	0.529741	1.378858	1.033501	
0.079057	1.997655	1.725181	0.801561	2.450000	1.118034	2.695598	1.762988	2.484200	0.514782	0.686477	2.302444	1.852363	2.752839	1.715007	1.735115	2.081015	1.270089	2.236767	1.277204	0.925000	1.166726	0.391312	1.037123	1.873833	1.523155	2.379732	1.286954	0.938416	2.286099	
2.431692	0.430116	2.627380	1.638788	0.564026	1.274019	0.726722	0.650000	0.325000	2.077408	2.251250	1.144825	2.025617	1.216553	1.539683	1.039832	1.838818	2.213594	0.610328	1.221935	1.680774	1.525000	2.330772	2.098809	1.095730	1.475847	0.176777	1.150272	2.005305	1.079641	
1.880990	0.257391	2.497624	1.057414	0.604669	0.760345	1.309819	0.506211	0.930390	1.643358	1.611870	1.455378	2.025617	1.697425	1.539683	1.051190	1.945508	2.005305	0.982980	0.594243	1.044629	1.270089	1.728077	1.826540	0.500625	0.811249	0.583095	0.811249	1.346291	0.707549	
0.602080	1.437228	1.850000	0.226385	1.875167	0.571183	2.220360	1.241219	1.967867	0.575543	0.585235	1.930026	1.752855	2.356507	1.470544	1.335337	1.898190	1.322167	1.765113	0.701783	0.406971	0.886002	0.515388	1.068000	1.312440	1.005609	1.819512	0.813941	0.612883	1.724094	
1.350926	0.726722	2.210204	0.525595	1.125278	0.318198	1.671077	0.673146	1.345362	1.175266	1.097725	1.600781	1.866815	1.946953	1.431782	1.052675	1.878330	1.683931	1.256234	0.070711	0.527376	0.986154	1.195042	1.467353	0.640312	0.579871	1.100284	0.570088	0.866386	1.029563	
1.388569	1.938105	0.555090	1.416201	2.499625	1.340009	2.075000	1.554429	2.064128	0.826514	1.851520	1.446764	0.585769	1.885802	0.731864	1.128051	0.890225	0.079057	1.690044	1.665270	1.676678	0.691466	1.629801	0.276134	2.283774	2.173850	2.238861	1.152443	1.941649	2.635455	
0.742041	1.578369	2.287056	0.469707	1.910007	0.840015	2.492614	1.485345	2.190462	0.989002	0.246221	2.294695	2.201278	2.697453	1.898190	1.700000	2.334524	1.765290	2.053351	0.784618	0.325960	1.319327	0.443001	1.510381	1.226020	0.809707	1.945508	1.153527	0.180278	1.625769	
1.252248	1.273283	2.605403	0.648556	1.487658	0.825000	2.288149	1.308148	1.936653	1.370447	0.726722	2.239001	2.388122	2.586745	2.001406	1.677051	2.452040	2.069118	1.889775	0.577170	0.395285	1.475847	0.965013	1.822430	0.752080	0.301040	1.600781	1.152443	0.400000	1.129436	
1.241219	1.990603	0.608790	1.353006	2.549142	1.325943	2.203548	1.615549	2.167516	0.704006	1.736555	1.594718	0.761988	2.040221	0.879275	1.231361	1.065950	0.111803	1.802776	1.646398	1.610124	0.726722	1.500000	0.180278	2.281036	2.136147	2.308950	1.179248	1.851013	2.647286	
1.825171	0.230489	2.245273	1.030776	0.782624	0.667083	1.116356	0.213600	0.778621	1.503330	1.657181	1.175266	1.745351	1.449353	1.255488	0.760345	1.654728	1.770770	0.735272	0.637377	1.090011	1.039832	1.723550	1.611870	0.778621	1.012423	0.600521	0.601041	1.432873	0.995615	
1.820027	0.406971	2.052438	1.075291	0.965013	0.686477	0.989949	0.025000	0.715891	1.430472	1.735655	0.951315	1.523975	1.258223	1.030776	0.527376	1.420607	1.599414	0.561805	0.763217	1.185591	0.886002	1.762278	1.463087	1.011187	1.206752	0.704006	0.502494	1.546165	1.229837	
1.236932	1.889610	0.670820	1.286954	2.448724	1.239456	2.105350	1.513481	2.065188	0.675463	1.702939	1.504161	0.721110	1.952722	0.790569	1.129436	1.007782	0.134629	1.701654	1.562050	1.546165	0.626498	1.478386	0.125000	2.192031	2.059430	2.206383	1.081665	1.800868	2.554408	
2.113350	1.816762	0.977880	1.856071	2.343075	1.607016	1.518634	1.445035	1.657181	1.520691	2.443614	0.822344	0.285044	1.176063	0.431567	0.896172	0.055902	0.910014	1.270089	1.902958	2.101339	0.982980	2.285416	1.046721	2.390868	2.441823	1.997655	1.294701	2.437853	2.651650	
0.450694	2.015564	2.230050	0.811249	2.378156	1.200260	2.865855	1.872165	2.594345	0.958188	0.261008	2.580819	2.291970	3.010399	2.079814	1.987775	2.484200	1.752855	2.413504	1.226020	0.776209	1.498541	0.158114	1.507481	1.701654	1.278916	2.390868	1.467353	0.588430	2.100149	
1.810559	1.981161	0.555090	1.722099	2.535375	1.559848	1.887624	1.591383	1.959751	1.231107	2.230050	1.206493	0.167705	1.603122	0.570636	1.075291	0.506211	0.500000	1.569235	1.880990	1.981161	0.877852	2.030394	0.696419	2.448597	2.414151	2.226264	1.299279	2.281721	2.760548	
0.328824	1.706239	1.779923	0.500625	2.150145	0.831039	2.448597	1.490386	2.215993	0.477624	0.555090	2.105499	1.789728	2.545830	1.576587	1.520691	1.978004	1.277204	1.990289	0.976281	0.637377	0.999062	0.348210	1.025305	1.576587	1.241219	2.088660	1.033501	0.721110	1.988875	
0.190394	1.849493	1.733854	0.651920	2.300000	0.970824	2.564420	1.621149	2.344408	0.460977	0.617454	2.192316	1.803122	2.638773	1.629801	1.616516	2.013237	1.252248	2.105499	1.127497	0.784618	1.065950	0.350892	1.007782	1.728077	1.386542	2.231731	1.151629	0.832541	2.140385	
0.320156	1.905420	2.059733	0.682825	2.298097	1.063602	2.720294	1.736555	2.462214	0.778621	0.320156	2.413504	2.110095	2.847477	1.900658	1.822944	2.302851	1.575793	2.265088	1.128051	0.700446	1.320984	0.025000	1.328768	1.653028	1.255488	2.284869	1.312440	0.604669	2.059733	
2.687238	1.501874	1.926460	2.152324	1.882153	1.788854	0.707990	1.270089	1.017964	2.131901	2.822455	0.325960	1.227294	0.230489	0.972754	0.922293	0.900347	1.762988	0.753741	1.976424	2.336798	1.451293	2.756470	1.811250	2.226264	2.451530	1.494364	1.466714	2.705665	2.347605	
1.992800	2.001406	0.679154	1.856071	2.545584	1.662077	1.803122	1.616516	1.913439	1.408013	2.390868	1.109617	0.079057	1.475847	0.566789	1.078483	0.350892	0.695072	1.522539	1.976424	2.112019	0.990581	2.201846	0.883530	2.516198	2.514458	2.218248	1.378858	2.425515	2.808247	
1.631334	1.980057	0.480885	1.600781	2.540177	1.476482	1.987775	1.590008	2.023919	1.060660	2.075151	1.325236	0.355317	1.743022	0.637377	1.107079	0.682367	0.305164	1.638025	1.801735	1.861619	0.797653	1.863632	0.515388	2.395047	2.325941	2.251250	1.245492	2.146072	2.726032	
1.140175	1.402007	1.140175	0.883883	1.957358	0.755811	1.758551	1.037123	1.650757	0.566789	1.431782	1.261943	0.900000	1.719920	0.651920	0.752080	1.051487	0.618971	1.319327	1.081665	1.142639	0.150000	1.276959	0.436606	1.698529	1.598828	1.734395	0.583095	1.450216	2.055480	
0.922293	1.505407	2.427061	0.527376	1.794610	0.850368	2.462341	1.456451	2.140823	1.140449	0.375000	2.315302	2.301223	2.701157	1.969296	1.726992	2.412986	1.899013	2.035006	0.725000	0.302076	1.402007	0.617454	1.645068	1.085415	0.650481	1.860779	1.179248	0.070711	1.475847	
0.531507	1.650189	1.443087	0.605186	2.149709	0.785016	2.259425	1.368622	2.074247	0.145774	0.901388	1.843909	1.443087	2.295784	1.261943	1.282819	1.644878	0.930390	1.802256	1.030776	0.832541	0.707107	0.691466	0.676849	1.677051	1.418185	2.025617	0.873212	1.021335	2.081466	
1.190851	1.138530	1.399330	0.731864	1.690599	0.515388	1.592365	0.785016	1.438967	0.687841	1.355775	1.184536	1.073837	1.629801	0.711073	0.610328	1.154340	0.886707	1.138530	0.838525	0.975320	0.167705	1.255488	0.704450	1.437228	1.369535	1.480709	0.313249	1.315295	1.787631	
2.850439	1.397542	2.250555	2.237465	1.690044	1.855061	0.427200	1.252248	0.806226	2.324059	2.912902	0.522015	1.550806	0.125000	1.236932	1.050298	1.234150	2.044658	0.673146	1.991231	2.392305	1.637834	2.881514	2.063522	2.137756	2.419969	1.305996	1.557241	2.759642	2.200000	
1.025305	1.035917	2.049695	0.200000	1.450862	0.269258	1.909516	0.903120	1.615936	0.901388	0.816241	1.733854	1.804508	2.122646	1.425219	1.147007	1.875000	1.513481	1.469906	0.276134	0.279508	0.892328	0.877852	1.275980	0.906228	0.680074	1.415318	0.601041	0.648556	1.313868	
1.423025	0.654313	1.909188	0.675463	1.185854	0.285044	1.382932	0.391312	1.118034	1.077613	1.343503	1.217580	1.498332	1.590794	1.044031	0.654313	1.485976	1.405569	0.937083	0.452769	0.811249	0.672681	1.359458	1.221935	0.943398	0.977880	1.025000	0.212132	1.179248	1.272792	
1.717738	0.471699	1.985101	0.980115	1.033501	0.590021	1.079641	0.100000	0.817389	1.328768	1.644878	0.986471	1.480076	1.320038	0.991527	0.506211	1.398660	1.520691	0.640312	0.693271	1.101136	0.798827	1.664332	1.375682	1.006541	1.163239	0.794512	0.400780	1.465009	1.256234	
1.147007	1.140175	2.392828	0.445112	1.432000	0.600521	2.120289	1.123610	1.785532	1.184536	0.721543	2.031779	2.162319	2.392697	1.775704	1.461592	2.226264	1.856071	1.706605	0.381608	0.223607	1.250250	0.901388	1.612452	0.750417	0.381608	1.492062	0.930390	0.437321	1.156774	
0.831039	1.691892	2.449617	0.640800	1.984471	0.999062	2.635455	1.627882	2.321234	1.147007	0.213600	2.460310	2.377104	2.857009	2.074398	1.867150	2.511225	1.931968	2.202272	0.905884	0.460977	1.496036	0.500000	1.677051	1.270089	0.826514	2.049695	1.319327	0.127475	1.654728	
2.026234	0.050000	2.485080	1.212693	0.536773	0.876427	1.100284	0.424264	0.716327	1.736555	1.800174	1.299279	1.966119	1.507481	1.472455	0.965013	1.852363	2.015564	0.800000	0.771767	1.229837	1.285739	1.897367	1.858090	0.691466	1.026219	0.395285	0.845946	1.546367	0.814325	
1.490386	1.137157	2.744312	0.813941	1.277693	0.886002	2.180883	1.243232	1.810041	1.555635	0.977880	2.207091	2.469059	2.522028	2.050914	1.675746	2.499625	2.208082	1.811250	0.579871	0.590021	1.565647	1.212693	1.969296	0.525595	0.070711	1.432000	1.187960	0.650481	0.883883	
2.525000	0.995615	3.378702	1.731509	0.575000	1.556639	1.851520	1.366108	1.455378	2.427061	2.075000	2.221627	2.905275	2.347605	2.415186	1.913766	2.804015	2.877716	1.693000	1.276959	1.598828	2.144907	2.286099	2.685377	0.642748	1.050298	0.955249	1.683931	1.750714	0.230489	
2.269637	1.133854	1.755349	1.706605	1.588238	1.341641	0.686477	0.850368	0.816241	1.733494	2.378287	0.127475	1.075291	0.550568	0.675463	0.480234	0.818917	1.482608	0.445112	1.535008	1.889610	1.047020	2.321234	1.480076	1.829276	2.022375	1.213724	1.020417	2.258456	1.995307	
3.045694	1.478386	2.475126	2.405203	1.700000	2.018044	0.431567	1.386768	0.834416	2.530316	3.079164	0.745822	1.775176	0.328824	1.461592	1.248249	1.455378	2.270050	0.805062	2.128673	2.545707	1.845603	3.062372	2.284869	2.215006	2.528339	1.328768	1.733854	2.910004	2.236347	
1.435705	0.939747	1.526843	0.873212	1.500833	0.552268	1.332760	0.561805	1.181630	0.948683	1.535008	0.965013	1.084551	1.396648	0.637377	0.371652	1.085415	1.051487	0.877852	0.834416	1.085415	0.333542	1.469906	0.910014	1.355083	1.372953	1.257229	0.226385	1.446764	1.667708	
1.320984	1.556639	0.919239	1.138530	2.118077	0.995615	1.761391	1.173936	1.711724	0.728869	1.668832	1.188486	0.651920	1.644878	0.500000	0.776611	0.838525	0.436606	1.350231	1.320984	1.397542	0.320156	1.494364	0.357946	1.920937	1.845603	1.861619	0.777817	1.701654	2.262742	
2.340139	0.416083	2.471083	1.565248	0.696419	1.188486	0.649038	0.534439	0.257391	1.960230	2.198010	0.995615	1.865811	1.102554	1.380670	0.883530	1.679472	2.064128	0.458939	1.175266	1.630376	1.386092	2.258456	1.956559	1.138530	1.484082	0.313249	1.032594	1.968661	1.175266	
1.646587	1.575793	0.906228	1.400000	2.131901	1.188486	1.576785	1.185591	1.597263	1.054751	1.971357	0.941409	0.395285	1.384061	0.226385	0.682367	0.515388	0.583631	1.212693	1.502082	1.651704	0.525595	1.811250	0.630971	2.049695	2.040221	1.831154	0.906228	1.977530	2.355048	
2.563323	1.435705	1.825000	2.037308	1.843400	1.677982	0.730154	1.181630	0.999062	2.007019	2.705665	0.213600	1.125000	0.325960	0.850368	0.806226	0.806226	1.645068	0.697316	1.875000	2.226264	1.326885	2.635574	1.688564	2.150145	2.359158	1.457738	1.353006	2.594706	2.289787	
0.915492	1.540292	2.442975	0.555090	1.826369	0.883530	2.497624	1.491643	2.176149	1.152443	0.350892	2.348537	2.325538	2.735416	1.997655	1.759616	2.440543	1.916377	2.070024	0.760345	0.335410	1.428504	0.604152	1.662077	1.113833	0.675000	1.895059	1.211662	0.035355	1.501874	
2.530934	0.704450	2.458785	1.789029	0.937083	1.402007	0.357946	0.728869	0.055902	2.104311	2.440415	0.831039	1.811250	0.843356	1.352082	0.905539	1.581139	2.100298	0.348210	1.432000	1.879162	1.478386	2.478155	2.026388	1.431127	1.770770	0.552268	1.193995	2.227667	1.451938	
2.158269	0.552268	2.137317	1.440703	0.999062	1.050298	0.618971	0.390512	0.400780	1.722099	2.105499	0.704006	1.525819	0.921954	1.041933	0.553399	1.343968	1.746425	0.206155	1.130542	1.557241	1.100284	2.121910	1.656804	1.278916	1.542117	0.637377	0.817389	1.917355	1.407347	
0.325000	1.716464	1.829105	0.500625	2.151308	0.845946	2.475505	1.510381	2.236767	0.527376	0.505594	2.142574	1.838648	2.580940	1.621149	1.555635	2.024846	1.327121	2.017734	0.975000	0.617454	1.041933	0.302076	1.075291	1.564649	1.218862	2.098809	1.060955	0.680074	1.976898	
1.229837	0.916856	1.665083	0.592663	1.454734	0.276134	1.526434	0.604669	1.312440	0.825379	1.261943	1.234909	1.312440	1.651704	0.901388	0.638847	1.352082	1.150272	1.068000	0.585235	0.800391	0.430116	1.220912	0.956883	1.171537	1.123054	1.278916	0.111803	1.162164	1.523975	
0.740355	1.378858	2.080415	0.201556	1.764405	0.583631	2.248472	1.245492	1.962301	0.811249	0.477624	2.028084	1.950160	2.435416	1.632674	1.432655	2.071835	1.549597	1.803122	0.594243	0.190394	1.057414	0.539676	1.296630	1.142639	0.794119	1.755705	0.887764	0.400000	1.554228	
1.450862	0.695072	2.350532	0.629484	1.032594	0.459619	1.691892	0.719809	1.345362	1.308148	1.142366	1.677051	1.996246	2.001406	1.552417	1.150272	1.995777	1.825000	1.297353	0.158114	0.577170	1.123610	1.270089	1.608765	0.500000	0.475657	1.051487	0.696419	0.880696	0.894427	
0.999062	1.159741	1.532359	0.500625	1.686157	0.371652	1.755883	0.855862	1.559046	0.575000	1.119431	1.402007	1.283793	1.838478	0.946375	0.813173	1.386092	1.000000	1.297112	0.691466	0.751665	0.375000	1.030776	0.777817	1.328768	1.197132	1.526843	0.357946	1.082243	1.706055	
1.200521	1.006541	1.559247	0.632456	1.550806	0.364005	1.554429	0.675000	1.364276	0.756637	1.286954	1.215010	1.219119	1.644878	0.825379	0.620987	1.275000	1.044330	1.095730	0.682825	0.859142	0.325960	1.220912	0.853302	1.277204	1.217580	1.361295	0.176777	1.212693	1.629801	
1.516781	2.101488	0.375000	1.592365	2.663292	1.520074	2.180166	1.715007	2.195023	0.976281	2.007642	1.528275	0.561805	1.952242	0.826514	1.264911	0.894427	0.176777	1.814180	1.845434	1.852363	0.866386	1.775176	0.431567	2.462341	2.353853	2.392697	1.326885	2.110095	2.811250	
1.054751	2.016340	0.756637	1.255488	2.567343	1.285010	2.319483	1.655483	2.252221	0.553399	1.578765	1.739253	0.960469	2.191603	1.030776	1.325943	1.256234	0.313249	1.901480	1.594522	1.505199	0.764853	1.328768	0.201556	2.241093	2.058215	2.352791	1.188486	1.717738	2.621545	
2.485080	0.682825	2.411561	1.747319	0.946375	1.359458	0.371652	0.686477	0.090139	2.055633	2.401172	0.797261	1.766529	0.834416	1.305038	0.855862	1.540292	2.050914	0.302076	1.396648	1.841535	1.428504	2.435416	1.976424	1.415318	1.745888	0.559017	1.147007	2.192031	1.450216	
1.138530	1.033501	2.272939	0.360555	1.372953	0.450000	1.987775	0.985203	1.663205	1.101136	0.794512	1.881821	2.020210	2.247360	1.626730	1.309819	2.077408	1.736555	1.567043	0.247487	0.230489	1.109617	0.930390	1.497707	0.745822	0.460977	1.397542	0.778621	0.548293	1.158123	
0.548293	1.978952	2.310979	0.797261	2.322310	1.187697	2.855368	1.855061	2.572572	1.026219	0.175000	2.595308	2.348537	3.018485	2.117339	2.000000	2.529822	1.825171	2.406502	1.185591	0.728869	1.533175	0.226385	1.576785	1.631908	1.200260	2.350532	1.469906	0.502494	2.025617	
2.618802	0.710634	2.601562	1.857586	0.850368	1.475847	0.427931	0.807775	0.103078	2.211476	2.496623	0.972433	1.956559	0.948683	1.495201	1.039832	1.726630	2.236068	0.492443	1.475847	1.930026	1.600195	2.550000	2.155226	1.409122	1.775704	0.480885	1.291559	2.269637	1.389469	
2.286099	0.927699	3.218113	1.504161	0.650000	1.360147	1.883149	1.264170	1.480287	2.214723	1.825171	2.177441	2.780513	2.351197	2.298097	1.811250	2.705665	2.706127	1.665270	1.063602	1.358538	1.980215	2.040374	2.503123	0.413824	0.800000	0.986471	1.521923	1.500208	0.079057	
0.855862	1.182423	1.900658	0.079057	1.625192	0.325960	1.991231	0.999062	1.724094	0.715017	0.750000	1.749286	1.706605	2.160006	1.364734	1.153527	1.808487	1.364047	1.540495	0.460977	0.328824	0.800000	0.750417	1.119431	1.096586	0.849264	1.564649	0.610328	0.661910	1.504161	
1.779923	2.167083	0.328824	1.796003	2.725459	1.677982	2.113203	1.776584	2.177298	1.226020	2.251250	1.432873	0.378319	1.826540	0.784618	1.277693	0.715891	0.431567	1.787806	2.003279	2.057000	0.999062	2.028854	0.675463	2.595308	2.526979	2.427447	1.445035	2.334524	2.923290	
1.133578	1.337208	1.210372	0.828402	1.891098	0.686477	1.724094	0.976281	1.603122	0.575543	1.394633	1.250000	0.951315	1.706055	0.670820	0.719809	1.085415	0.689656	1.279893	1.012423	1.085415	0.111803	1.252248	0.503115	1.627882	1.531747	1.673507	0.514782	1.400223	1.984943	
2.553551	0.601041	2.623095	1.777815	0.726722	1.402007	0.550568	0.745822	0.167705	2.167516	2.406372	1.046721	1.993897	1.061249	1.520896	1.044031	1.780449	2.237465	0.535023	1.380444	1.837457	1.578171	2.471083	2.142720	1.285739	1.660008	0.353553	1.241219	2.170829	1.262191	
2.465385	0.637377	2.428606	1.719920	0.897566	1.333464	0.419076	0.660492	0.075000	2.044658	2.370258	0.835539	1.789728	0.883883	1.323112	0.863134	1.570032	2.059430	0.325960	1.361295	1.808660	1.425877	2.409616	1.978952	1.367708	1.702388	0.509902	1.130542	2.156965	1.400223	
1.990603	0.055902	2.400521	1.185854	0.617454	0.834416	1.051190	0.336341	0.680074	1.679658	1.792345	1.216553	1.876832	1.438967	1.382932	0.875000	1.762278	1.935362	0.726722	0.763217	1.221935	1.208305	1.875667	1.782730	0.756637	1.063602	0.427931	0.776209	1.550202	0.901388	
1.917355	1.345595	1.267379	1.504161	1.876832	1.204159	1.181630	0.973717	1.241471	1.343503	2.140385	0.539676	0.617454	0.989002	0.176777	0.425000	0.469707	0.986471	0.850368	1.476906	1.730787	0.686477	2.028084	1.007782	1.929054	2.009975	1.540495	0.875357	2.085815	2.180883	
1.990760	0.625500	2.846599	1.182423	0.596343	0.999062	1.655483	0.917197	1.257229	1.868321	1.594718	1.863632	2.414151	2.082366	1.935362	1.457738	2.350532	2.335862	1.375227	0.719809	1.075291	1.608765	1.775176	2.135708	0.160078	0.614919	0.806226	1.150272	1.285496	0.340037	
0.371652	1.866815	2.090006	0.648556	2.252360	1.033501	2.695019	1.706605	2.431178	0.800391	0.270416	2.401172	2.123235	2.831960	1.901480	1.808660	2.308950	1.600000	2.241093	1.085415	0.651920	1.319327	0.050000	1.350926	1.601757	1.201301	2.245273	1.291559	0.548862	2.007642	
0.651920	1.388569	1.866815	0.176777	1.825171	0.525595	2.180023	1.197132	1.923538	0.605186	0.604152	1.900658	1.750714	2.323924	1.456022	1.305038	1.887624	1.336273	1.725724	0.651920	0.371652	0.873212	0.555090	1.083109	1.264911	0.965013	1.770770	0.777817	0.604669	1.676305	
1.068000	0.977880	1.816762	0.340037	1.467353	0.103078	1.730065	0.749166	1.475847	0.783023	1.015197	1.488498	1.534805	1.895059	1.150272	0.894427	1.600000	1.285010	1.277204	0.406971	0.539676	0.625000	1.005609	1.061249	1.050298	0.916856	1.358308	0.347311	0.901388	1.436358	
1.296630	1.113833	2.539931	0.602080	1.346291	0.707107	2.128673	1.152443	1.776584	1.343503	0.828402	2.091949	2.286099	2.432720	1.883149	1.538059	2.333586	2.003279	1.732953	0.431567	0.381608	1.377044	1.035917	1.762278	0.629484	0.223607	1.445035	1.025305	0.515388	1.025305	
1.667708	1.290591	1.196349	1.274755	1.843909	1.001249	1.327121	0.901734	1.315770	1.096586	1.899013	0.749166	0.645174	1.207528	0.176777	0.391312	0.626997	0.826514	0.937083	1.294701	1.510174	0.437321	1.779923	0.800391	1.800347	1.833712	1.539683	0.686477	1.858259	2.087163	
2.026080	0.182003	2.316247	1.241471	0.707990	0.869626	0.917878	0.261008	0.565685	1.675187	1.872165	1.068878	1.767767	1.290591	1.272792	0.760345	1.636498	1.868321	0.577170	0.851469	1.305038	1.154340	1.934716	1.731509	0.905539	1.196349	0.436606	0.751665	1.646398	1.044031	
1.875000	0.901388	1.644878	1.290591	1.432873	0.929045	0.927699	0.538516	0.867828	1.364047	1.962301	0.536773	1.046721	0.955249	0.555090	0.079057	0.908983	1.265899	0.500000	1.142639	1.477329	0.687841	1.910497	1.201041	1.515957	1.651704	1.105102	0.604669	1.845603	1.744456	
1.127497	0.983933	2.186607	0.316228	1.358308	0.350000	1.912132	0.905884	1.597263	1.040433	0.840387	1.787806	1.922563	2.158848	1.526843	1.212693	1.977530	1.650947	1.485135	0.190394	0.270416	1.013040	0.946375	1.415318	0.775403	0.540833	1.355775	0.679154	0.620987	1.185854	
1.615936	0.870704	1.587844	1.029563	1.430035	0.680074	1.155963	0.480234	1.025305	1.123610	1.698897	0.797653	1.075291	1.220912	0.592663	0.201556	1.020110	1.147007	0.704006	0.925338	1.226020	0.475657	1.644878	1.035917	1.378858	1.453444	1.152443	0.348210	1.592365	1.657181	
2.368148	0.333542	2.688517	1.559046	0.403887	1.212693	0.903120	0.649038	0.500625	2.051371	2.146654	1.285739	2.112611	1.386092	1.620378	1.110180	1.947434	2.251944	0.749166	1.119431	1.576785	1.542117	2.245273	2.119257	0.930390	1.326885	0.050000	1.134956	1.886796	0.903120	
2.302444	1.431127	1.526843	1.838478	1.903943	1.504161	0.951972	1.113833	1.131923	1.732772	2.493241	0.257391	0.828402	0.632949	0.548862	0.632949	0.529741	1.336273	0.765261	1.739612	2.047712	1.065950	2.399088	1.386768	2.100298	2.252221	1.532359	1.171004	2.411561	2.292651	
1.348379	0.686477	2.039148	0.548293	1.163239	0.201556	1.538059	0.530330	1.241219	1.085415	1.190851	1.415318	1.671264	1.777990	1.231107	0.855862	1.677051	1.520280	1.105102	0.251247	0.637377	0.805062	1.241471	1.315770	0.797261	0.781425	1.068878	0.371652	1.000000	1.160011	
1.432873	1.227294	1.230091	1.035917	1.789029	0.789383	1.456237	0.840387	1.378632	0.875000	1.653217	0.950329	0.798827	1.407569	0.406971	0.452769	0.851469	0.775403	1.027740	1.099147	1.277204	0.195256	1.535008	0.675463	1.650947	1.638025	1.523155	0.503115	1.619413	1.968661	
0.316228	2.016340	2.102380	0.794512	2.404423	1.175266	2.830636	1.848141	2.573908	0.843356	0.360555	2.516446	2.184033	2.952647	1.991231	1.927596	2.386551	1.631908	2.375000	1.236932	0.803508	1.415097	0.103078	1.389469	1.750714	1.343968	2.395438	1.421267	0.673146	2.155226	
1.017657	1.104536	1.601757	0.456207	1.625000	0.301040	1.736555	0.813941	1.525819	0.626997	1.095730	1.410009	1.340009	1.839837	0.986471	0.816241	1.430472	1.070047	1.277693	0.620987	0.700000	0.427931	1.025914	0.848528	1.258223	1.129436	1.475212	0.325000	1.039832	1.636498	
2.065490	0.975000	1.707703	1.484082	1.470544	1.118034	0.778621	0.654313	0.794512	1.544345	2.156676	0.348210	1.063602	0.760345	0.601041	0.265754	0.866386	1.375909	0.403887	1.315770	1.666021	0.860959	2.105499	1.340009	1.640503	1.811077	1.114955	0.797653	2.034853	1.834734	
1.520691	1.195042	1.261943	1.098294	1.755349	0.828402	1.372953	0.805062	1.308625	0.965013	1.726992	0.860233	0.782624	1.317431	0.350000	0.375000	0.800391	0.831039	0.950329	1.128051	1.333464	0.282843	1.616516	0.750417	1.656050	1.667708	1.475847	0.522015	1.681703	1.960230	
0.410030	1.884808	2.139655	0.673146	2.260669	1.060955	2.725459	1.733494	2.456751	0.850368	0.230489	2.440415	2.172125	2.869233	1.946953	1.846957	2.356109	1.650000	2.272664	1.099147	0.657647	1.364047	0.070711	1.400893	1.600195	1.191900	2.261913	1.325943	0.525595	2.003902	
0.687841	1.796176	1.171804	0.866386	2.322310	0.975000	2.284869	1.475212	2.146072	0.134629	1.163239	1.796698	1.244237	2.255272	1.149184	1.281601	1.484082	0.675463	1.837457	1.256234	1.105102	0.673146	0.925338	0.431567	1.908042	1.679472	2.159282	0.976281	1.300000	2.304479	
1.851013	0.270416	2.185463	1.073546	0.832166	0.696419	1.035012	0.125000	0.715017	1.500000	1.715007	1.075291	1.667708	1.353006	1.175266	0.673146	1.566246	1.722099	0.640800	0.707990	1.152443	0.998123	1.766529	1.574206	0.878208	1.106797	0.604669	0.579871	1.502706	1.084551	
0.785016	1.378632	1.465009	0.492443	1.892749	0.538516	1.978952	1.085415	1.789204	0.353553	1.000625	1.590990	1.327121	2.036695	1.063602	1.015197	1.480076	0.929045	1.520896	0.825379	0.752080	0.480885	0.862047	0.682367	1.476906	1.280625	1.750179	0.588430	1.029866	1.869826	
0.305164	1.834394	1.990760	0.608790	2.239001	0.983933	2.635930	1.656050	2.382357	0.700446	0.357946	2.323924	2.025617	2.758623	1.811250	1.733854	2.215006	1.500000	2.180023	1.064483	0.651920	1.231107	0.111803	1.251000	1.609542	1.226020	2.215006	1.226020	0.605186	2.018818	
1.217580	1.777815	0.763217	1.202601	2.336932	1.136332	2.009975	1.402007	1.960230	0.637377	1.650000	1.423025	0.715891	1.875667	0.715891	1.026219	0.976281	0.230489	1.600195	1.460308	1.463087	0.514782	1.438967	0.125000	2.086265	1.963734	2.095382	0.970824	1.730787	2.445915	
0.515388	1.845603	2.223876	0.656220	2.201846	1.046721	2.714429	1.715007	2.433747	0.926350	0.125000	2.455733	2.231731	2.877716	1.986989	1.860108	2.404163	1.726630	2.265226	1.053862	0.601041	1.402007	0.176777	1.475212	1.525819	1.107079	2.219234	1.328768	0.427200	1.925649	
0.485412	1.725181	1.426753	0.665676	2.223876	0.859142	2.327687	1.442654	2.146654	0.125000	0.908639	1.901480	1.463087	2.355048	1.305038	1.346291	1.677051	0.925338	1.871163	1.100284	0.883883	0.761988	0.679154	0.675463	1.744456	1.475847	2.100595	0.946375	1.051190	2.150145	
2.700116	1.237437	2.184176	2.074398	1.554228	1.690599	0.336341	1.084551	0.673146	2.183031	2.749659	0.425000	1.488498	0.226385	1.134956	0.901388	1.188486	1.944544	0.506211	1.823630	2.226264	1.498541	2.723279	1.947113	1.976898	2.253470	1.167262	1.396648	2.593260	2.051371	
1.332760	0.789383	1.768120	0.640312	1.328533	0.269258	1.435705	0.485412	1.202601	0.950000	1.315770	1.196349	1.378858	1.595501	0.941409	0.608790	1.389469	1.261200	0.980115	0.530330	0.817389	0.530330	1.300240	1.076162	1.075291	1.068878	1.152443	0.079057	1.185591	1.414655	
1.492062	0.828025	1.635925	0.874643	1.389244	0.522015	1.263428	0.450694	1.089151	1.030776	1.546367	0.951972	1.175266	1.366794	0.711512	0.357946	1.152443	1.163239	0.805062	0.775403	1.068000	0.443001	1.502706	1.020110	1.263428	1.308625	1.147007	0.190394	1.434617	1.565647	
1.736555	0.637377	2.641141	0.927699	0.798827	0.765261	1.690599	0.825379	1.308864	1.621149	1.358538	1.800174	2.247360	2.069118	1.782730	1.334166	2.213594	2.121615	1.353237	0.469707	0.825379	1.405569	1.526843	1.912132	0.195256	0.442295	0.919239	0.956883	1.059481	0.581485	
0.965984	1.185327	2.191603	0.235850	1.545356	0.482830	2.104311	1.096586	1.796003	0.972433	0.638847	1.946953	1.990760	2.332381	1.628074	1.360606	2.076355	1.655295	1.671077	0.391312	0.070711	1.079641	0.756637	1.408900	0.916856	0.590021	1.556037	0.814325	0.437321	1.328768	
0.651920	1.891593	2.375921	0.745822	2.215006	1.131923	2.795085	1.789728	2.500000	1.077613	0.070711	2.565638	2.375921	2.980038	2.118962	1.969296	2.541284	1.877665	2.351197	1.097725	0.638847	1.533786	0.313249	1.625769	1.513275	1.075291	2.258456	1.430035	0.375000	1.902630	
2.001406	1.984943	0.704006	1.854218	2.527969	1.655483	1.779220	1.600781	1.891593	1.415318	2.393872	1.085415	0.075000	1.450862	0.550568	1.061249	0.325960	0.710634	1.500833	1.968661	2.109502	0.986471	2.207374	0.894427	2.504621	2.507115	2.199148	1.369535	2.425129	2.794302	
5	11	17	
5	11	17	
5	11	17	
5	11	17	
5	11	17	
5	11	17	
5	11	17	
5	11	17	
5	11	17	
5	11	17	
5	11	17	
5	11	17	
5	11	17	
5	11	17	
5	11	17	
5	11	17	
5	11	17	
5	11	17	
5	11	17	
5	11	17	
5	11	17	
5	11	17	
5	11	17	
5	11	17	
5	11	17	
5	11	17	
5	11	17	
5	11	17	
5	11	17	
5	11	17	
6	12	18	
6	12	18	
6	12	18	
6	12	18	
6	12	18	
6	12	18	
6	12	18	
6	12	18	
6	12	18	
6	12	18	
6	12	18	
6	12	18	
6	12	18	
6	12	18	
6	12	18	
6	12	18	
6	12	18	
6	12	18	
6	12	18	
6	12	18	
6	12	18	
6	12	18	
6	12	18	
6	12	18	
6	12	18	
6	12	18	
6	12	18	
6	12	18	
6	12	18	
6	12	18	
0.500000	0.500000	0.500000	
0.500000	0.500000	0.500000	
0.500000	0.500000	0.500000	
0.500000	0.500000	0.500000	
0.500000	0.500000	0.500000	
0.500000	0.500000	0.500000	
0.500000	0.500000	0.500000	
0.500000	0.500000	0.500000	
0.500000	0.500000	0.500000	
0.500000	0.500000	0.500000	
0.500000	0.500000	0.500000	
0.500000	0.500000	0.500000	
0.500000	0.500000	0.500000	
0.500000	0.500000	0.500000	
0.500000	0.500000	0.500000	
0.500000	0.500000	0.500000	
0.500000	0.500000	0.500000	
0.500000	0.500000	0.500000	
0.500000	0.500000	0.500000	
0.500000	0.500000	0.500000	
0.500000	0.500000	0.500000	
0.500000	0.500000	0.500000	
0.500000	0.500000	0.500000	
0.500000	0.500000	0.500000	
0.500000	0.500000	0.500000	
0.500000	0.500000	0.500000	
0.500000	0.500000	0.500000	
0.500000	0.500000	0.500000	
0.500000	0.500000	0.500000	
0.500000	0.500000	0.500000	
0.500000
180