100
30
3
1.466667	1.466667	0.766667	0.800000	0.433333	0.983333	1.300000	0.416667	0.250000	0.333333	1.400000	0.616667	0.933333	0.616667	1.216667	1.300000	1.200000	1.400000	0.950000	0.500000	0.400000	0.616667	0.533333	0.566667	0.350000	0.466667	1.133333	1.233333	0.600000	0.800000	0.483333	0.633333	0.850000	0.866667	1.500000	0.466667	1.383333	0.533333	0.350000	0.316667	0.566667	0.266667	1.416667	1.500000	0.750000	0.333333	0.300000	1.383333	0.433333	0.733333	0.783333	1.500000	1.400000	1.566667	0.533333	1.366667	0.750000	1.516667	1.383333	1.433333	1.000000	0.750000	0.750000	0.550000	0.800000	0.266667	0.883333	0.983333	0.483333	0.450000	0.500000	0.900000	0.666667	0.600000	0.416667	0.500000	0.683333	0.650000	0.983333	0.300000	0.866667	0.483333	1.650000	1.000000	0.800000	0.616667	0.483333	0.450000	1.100000	0.333333	1.233333	0.250000	0.416667	0.816667	0.383333	0.866667	0.583333	0.383333	0.850000	0.650000	
2.256103	1.037123	0.753741	1.615743	1.575198	2.607681	0.456207	1.668270	1.789029	2.425000	2.209779	1.662265	1.432873	0.079057	0.654313	2.073192	1.152443	2.362335	1.883149	2.674065	1.360606	1.777815	2.507613	1.375227	0.716327	1.461592	2.344275	2.033009	2.002498	1.083109	
1.200521	0.230489	0.427931	1.969296	1.054751	1.837457	1.241219	1.811250	1.147007	1.976898	1.740869	0.654313	1.107079	1.201041	0.805062	1.850169	1.683931	1.750179	0.701783	2.071382	1.565248	2.183031	1.542927	0.751665	1.114955	0.320156	1.163239	1.044330	0.855132	0.498121	
1.510381	2.153050	2.033624	1.270089	0.921954	0.840387	1.962301	0.958188	0.850368	0.152069	0.261008	1.482608	0.950329	2.420744	2.518060	0.340037	1.554228	0.477624	2.039608	0.527376	1.141271	1.375909	1.291559	1.225765	1.644878	2.150581	2.288695	1.337208	1.803122	1.542117	
0.905539	2.120289	2.139655	2.084616	1.129712	0.100000	2.419323	1.758728	0.905884	0.784618	0.770146	1.248249	1.320275	2.753407	2.634032	1.195042	2.239001	0.485412	1.631334	0.480234	1.829276	2.231731	0.527376	1.325236	2.098362	1.934231	1.700184	0.896172	1.334166	1.651704	
0.649038	1.962301	2.020056	2.201846	1.118034	0.325960	2.397003	1.879661	0.887764	1.009022	0.939747	1.078483	1.333464	2.683282	2.503123	1.364047	2.300136	0.665676	1.392839	0.750417	1.905912	2.366036	0.251247	1.253994	2.085815	1.733494	1.425877	0.695072	1.091444	1.556639	
0.743303	0.952956	1.206493	2.493116	1.311964	1.619413	1.984471	2.260669	1.258223	2.026234	1.819512	0.638847	1.480076	1.978952	1.525000	2.084616	2.310438	1.704589	0.079057	1.975633	2.085965	2.706127	1.147007	1.098294	1.800174	0.539676	0.388104	0.775000	0.304138	1.076162	
1.431127	0.145774	0.190394	1.884808	1.130542	2.007019	1.040433	1.765290	1.263428	2.071835	1.834734	0.860233	1.131923	0.952956	0.575543	1.888452	1.553222	1.879495	0.950329	2.204824	1.494364	2.094338	1.755349	0.831039	0.965013	0.529741	1.408013	1.255488	1.103687	0.509902	
1.201301	1.025305	0.869626	1.167262	0.305164	1.342805	0.996243	0.951972	0.525595	1.209339	0.977880	0.721110	0.226385	1.335337	1.353237	0.982980	1.030776	1.096586	1.256234	1.414655	0.760345	1.380670	1.330883	0.235850	0.686477	1.147007	1.671077	0.941409	1.171804	0.400000	
0.226385	1.542927	1.634205	2.137317	0.921954	0.675463	2.117929	1.833882	0.719809	1.207528	1.055047	0.665676	1.152443	2.340940	2.101339	1.432000	2.142574	0.850368	0.948683	1.064483	1.786757	2.325538	0.230489	0.955249	1.827738	1.290349	1.035917	0.270416	0.649038	1.209597	
2.250555	1.335337	1.015197	1.085415	1.377044	2.405203	0.160078	1.187697	1.607210	2.090006	1.900164	1.686898	1.179248	0.625500	1.140449	1.679472	0.612883	2.101934	2.057000	2.388122	0.895126	1.234150	2.421905	1.277204	0.406971	1.715007	2.522524	2.000156	2.098809	1.093446	
1.875667	1.550806	1.285496	0.480885	0.862047	1.764405	0.816241	0.412311	1.068878	1.330883	1.170470	1.435705	0.632456	1.337208	1.650000	0.890225	0.375832	1.412887	1.962938	1.662077	0.103078	0.694622	1.923538	0.950329	0.559017	1.789029	2.385634	1.615549	1.886299	1.005609	
1.868154	0.660019	0.357946	1.609542	1.273283	2.280351	0.555090	1.582127	1.469906	2.177298	1.950160	1.274019	1.171804	0.431567	0.477624	1.880990	1.195042	2.068967	1.485345	2.389691	1.277204	1.800174	2.137317	1.035012	0.626997	1.075291	1.948236	1.653217	1.603122	0.716327	
1.012423	1.152443	1.051487	1.270089	0.079057	1.097725	1.241219	1.007782	0.279508	1.021335	0.784618	0.625000	0.235850	1.575198	1.547781	0.880696	1.212693	0.867828	1.200521	1.190851	0.883883	1.475847	1.100284	0.226385	0.927699	1.187960	1.574206	0.752080	1.060660	0.548293	
2.203548	1.192686	0.874643	1.245492	1.388569	2.427061	0.106066	1.320038	1.615549	2.161307	1.960230	1.625192	1.209339	0.450694	0.961769	1.773415	0.778621	2.143887	1.954002	2.441311	1.017657	1.403567	2.402603	1.250250	0.430116	1.587648	2.421002	1.960230	2.018818	1.025305	
0.831039	0.772172	0.785016	1.662077	0.534439	1.296389	1.300961	1.435705	0.588430	1.422146	1.187960	0.254951	0.660492	1.478386	1.273283	1.343968	1.500833	1.188486	0.761988	1.510381	1.255239	1.875167	1.084551	0.270416	1.049405	0.726722	1.180042	0.601041	0.693271	0.353553	
1.364047	1.824829	1.691892	1.077613	0.600521	0.908639	1.629801	0.751665	0.585235	0.425735	0.254951	1.219119	0.604152	2.077408	2.173131	0.250000	1.281113	0.525595	1.794610	0.743303	0.862047	1.225765	1.234909	0.903120	1.308625	1.854218	2.093144	1.151086	1.587648	1.206752	
0.686477	0.742041	0.897566	2.033624	0.873212	1.398660	1.583706	1.805028	0.859142	1.675000	1.451938	0.225000	1.026219	1.662077	1.319327	1.669019	1.858259	1.389469	0.390512	1.692077	1.626346	2.246803	1.043132	0.640312	1.369535	0.492443	0.818917	0.555090	0.375832	0.640800	
1.425219	0.125000	0.442295	2.150145	1.315295	2.101488	1.296389	2.019437	1.415318	2.243463	2.007019	0.910014	1.350231	1.140175	0.632949	2.101339	1.823630	2.019437	0.824621	2.340539	1.755705	2.360747	1.785532	1.011187	1.235162	0.353553	1.252248	1.291559	1.039832	0.726722	
1.850676	0.973717	0.660019	1.156774	1.039832	2.079663	0.275000	1.142639	1.264170	1.856913	1.644878	1.278916	0.875000	0.645174	0.930390	1.505199	0.752080	1.810559	1.648105	2.116158	0.834416	1.348379	2.044658	0.892328	0.175000	1.325236	2.112611	1.604875	1.686713	0.682367	
1.509346	0.180278	0.141421	1.881821	1.179248	2.074398	0.995615	1.775528	1.320984	2.121615	1.884808	0.936082	1.167262	0.880696	0.500000	1.923538	1.535008	1.938105	1.025000	2.263846	1.497707	2.089258	1.830983	0.883530	0.943398	0.594243	1.480287	1.331353	1.182423	0.553399	
1.000000	2.142574	2.140823	1.977530	1.089151	0.100000	2.370258	1.651704	0.875000	0.648556	0.654313	1.285739	1.264170	2.726032	2.638773	1.073837	2.153631	0.375000	1.706239	0.340037	1.739612	2.117929	0.642748	1.310057	2.046491	1.982738	1.804335	0.958188	1.414214	1.644118	
1.520691	2.183031	2.065944	1.299279	0.951972	0.832166	1.997655	0.989002	0.875000	0.134629	0.279508	1.505199	0.983933	2.455860	2.551103	0.371652	1.587648	0.477624	2.059430	0.505594	1.175266	1.402007	1.293493	1.255488	1.680216	2.176293	2.302851	1.352082	1.820027	1.573412	
0.948683	1.116076	1.033501	1.340009	0.127475	1.081665	1.274019	1.078483	0.265754	1.051487	0.814325	0.555090	0.305164	1.587844	1.532359	0.937083	1.274019	0.875000	1.131923	1.200260	0.951972	1.546165	1.052675	0.190394	0.965984	1.131923	1.503537	0.687841	0.989949	0.527376	
2.200568	1.235162	0.915492	1.171804	1.360606	2.396351	0.075000	1.252248	1.589222	2.112611	1.915235	1.628074	1.173936	0.525595	1.028652	1.717010	0.704006	2.105499	1.976424	2.399088	0.951972	1.328768	2.388122	1.237437	0.391312	1.622113	2.442975	1.954002	2.030394	1.029866	
1.274755	0.261008	0.570636	2.202981	1.275245	1.991231	1.421487	2.048322	1.348379	2.182458	1.948236	0.794119	1.340009	1.304320	0.809707	2.077408	1.905420	1.937298	0.649038	2.253470	1.800347	2.416221	1.646398	0.975320	1.326885	0.176777	1.076162	1.160011	0.874643	0.735272	
2.705665	2.459675	2.173131	0.459619	1.700184	2.359158	1.485345	0.738241	1.860779	1.729523	1.686713	2.335862	1.491643	2.001406	2.462214	1.265899	0.794512	1.971357	2.882815	2.105350	0.867828	0.250000	2.665521	1.856239	1.375682	2.718111	3.291086	2.454588	2.782198	1.935523	
0.719809	0.742462	0.840387	1.874166	0.719809	1.333464	1.463728	1.645068	0.725431	1.553222	1.325236	0.141421	0.866747	1.583706	1.296630	1.521923	1.706605	1.285496	0.550568	1.597263	1.467353	2.087163	1.035012	0.480234	1.233390	0.583631	0.970824	0.535023	0.498121	0.509902	
1.282819	0.145774	0.395285	2.012461	1.134956	1.927596	1.234909	1.865811	1.233390	2.061553	1.825171	0.743303	1.177391	1.156774	0.728869	1.925162	1.710263	1.838478	0.750417	2.160150	1.611870	2.225140	1.629801	0.831039	1.131923	0.325000	1.204159	1.131923	0.925000	0.559017	
0.629484	1.893575	1.940522	2.104311	1.019804	0.285044	2.301223	1.782730	0.789383	0.937083	0.853302	1.011496	1.234150	2.594224	2.427061	1.275000	2.200142	0.585769	1.360147	0.705780	1.806239	2.270050	0.261008	1.162970	1.988875	1.680774	1.425877	0.638847	1.061249	1.470757	
1.968026	1.723731	1.461592	0.320156	0.950329	1.775704	0.965660	0.257391	1.138530	1.281601	1.147279	1.562050	0.728869	1.494364	1.825171	0.816241	0.403113	1.408013	2.104311	1.631334	0.090139	0.535023	1.982738	1.079641	0.728869	1.950801	2.516446	1.710629	2.010752	1.166190	
1.158123	0.505594	0.442295	1.616516	0.728011	1.626730	1.025000	1.448491	0.862047	1.668270	1.431127	0.564026	0.750417	1.140175	0.938416	1.501874	1.362213	1.479231	0.894427	1.805028	1.209339	1.831154	1.431127	0.427200	0.828025	0.651920	1.355775	0.942404	0.933408	0.134629	
0.886707	1.162164	1.095730	1.386768	0.141421	1.005609	1.353006	1.114955	0.195256	1.006541	0.770146	0.536773	0.357946	1.664332	1.595501	0.927699	1.340009	0.811249	1.118034	1.137157	1.006231	1.590008	0.976281	0.250000	1.044330	1.151086	1.472455	0.626997	0.957209	0.590021	
0.838525	1.733854	1.706239	1.637834	0.638847	0.403887	1.924188	1.315770	0.425735	0.585235	0.425735	0.921954	0.822344	2.275549	2.205958	0.825379	1.752855	0.250000	1.425877	0.553399	1.350231	1.803122	0.645174	0.866386	1.601952	1.625000	1.628650	0.686477	1.163239	1.204159	
1.000625	0.594243	0.590021	1.660008	0.651920	1.488707	1.163239	1.464795	0.752080	1.576587	1.340009	0.406971	0.721543	1.298075	1.078483	1.451938	1.445035	1.364047	0.790569	1.688379	1.250000	1.875000	1.275000	0.350000	0.942404	0.632456	1.241219	0.784618	0.794512	0.213600	
2.427061	1.100000	0.873212	1.902958	1.825000	2.845281	0.745822	1.960867	2.030394	2.698379	2.478911	1.834734	1.698529	0.213600	0.585235	2.358495	1.435705	2.618444	1.977530	2.934706	1.653217	2.059733	2.706474	1.601757	1.006231	1.525819	2.425129	2.219234	2.133219	1.286954	
2.375395	2.150145	1.873666	0.125000	1.366108	2.071835	1.252248	0.419076	1.532359	1.478386	1.405569	1.999531	1.155692	1.783606	2.195592	1.000312	0.555090	1.686898	2.547793	1.851520	0.535023	0.090139	2.349601	1.520280	1.093446	2.392958	2.954763	2.122646	2.445915	1.608765	
2.360747	1.991231	1.700735	0.215058	1.342805	2.151308	1.025305	0.509902	1.533786	1.608182	1.503330	1.935523	1.118034	1.551813	1.990603	1.128051	0.325960	1.775176	2.460310	1.972942	0.469707	0.304138	2.376973	1.450216	0.901388	2.265088	2.885524	2.102380	2.386027	1.488707	
0.328824	1.665083	1.749286	2.168237	0.980115	0.577170	2.207091	1.858090	0.764853	1.158123	1.025914	0.785016	1.209339	2.446554	2.220360	1.421267	2.199148	0.797653	1.068000	0.982344	1.831154	2.350532	0.111803	1.044330	1.910497	1.415318	1.127497	0.390512	0.766893	1.313868	
0.811249	0.617454	0.785016	2.022993	0.910014	1.509346	1.504161	1.810041	0.925338	1.752855	1.525205	0.316228	1.039832	1.555032	1.196349	1.716464	1.820027	1.480709	0.416083	1.789204	1.613420	2.237465	1.166726	0.648556	1.308148	0.388104	0.873212	0.675463	0.477624	0.583095	
0.725431	1.905420	1.928892	1.985730	0.948683	0.176777	2.238443	1.662265	0.719809	0.795692	0.716327	1.033501	1.152443	2.555386	2.421905	1.140449	2.101339	0.445112	1.431782	0.577170	1.700735	2.146654	0.391312	1.123610	1.921100	1.721918	1.532359	0.687841	1.138530	1.445035	
2.159282	1.110462	0.794119	1.311726	1.375227	2.415057	0.152069	1.369535	1.599414	2.175000	1.968661	1.575793	1.206493	0.382426	0.872138	1.800174	0.850368	2.142574	1.885802	2.445020	1.063602	1.475847	2.370786	1.219119	0.442295	1.510381	2.352791	1.919798	1.960230	0.976281	
1.089151	1.811250	1.736555	1.410895	0.610328	0.575543	1.831154	1.085415	0.467039	0.375000	0.167705	1.075000	0.730154	2.229910	2.233971	0.561805	1.574206	0.213600	1.619413	0.512957	1.159741	1.564649	0.910014	0.894427	1.505199	1.761391	1.861619	0.910014	1.377044	1.231107	
1.231107	1.944865	1.856071	1.375227	0.726722	0.625000	1.895059	1.050000	0.608276	0.226385	0.050000	1.225255	0.813941	2.315842	2.350532	0.474342	1.583114	0.237171	1.771475	0.447214	1.164313	1.513275	1.025914	1.021335	1.570032	1.908042	2.010286	1.059481	1.528275	1.353237	
0.381608	1.486607	1.540292	1.936814	0.731864	0.608790	1.961186	1.632483	0.522015	1.044629	0.874643	0.605186	0.961769	2.215993	2.022993	1.237942	1.952242	0.697316	1.007782	0.950000	1.590008	2.124265	0.353553	0.800391	1.662077	1.285739	1.171004	0.254951	0.725000	1.084551	
0.795692	0.664267	0.875357	2.163909	1.035917	1.559848	1.628650	1.948397	1.032594	1.850000	1.626730	0.400000	1.175266	1.650189	1.249500	1.837457	1.960230	1.562850	0.279508	1.863129	1.754459	2.378287	1.175266	0.784618	1.442654	0.340037	0.743303	0.704450	0.403887	0.721110	
0.375832	1.288652	1.488498	2.485080	1.241974	1.275245	2.174425	2.215429	1.117195	1.779220	1.599414	0.640800	1.450216	2.258871	1.873666	1.927596	2.381832	1.432000	0.460977	1.665270	2.094039	2.690376	0.760345	1.118034	1.940522	0.917878	0.436606	0.527376	0.226385	1.220912	
2.205958	2.213171	1.969296	0.371652	1.241974	1.789204	1.480076	0.309233	1.364047	1.152443	1.116076	1.910007	1.068000	2.013082	2.350133	0.691466	0.828025	1.401116	2.482438	1.528275	0.600000	0.388104	2.125000	1.457738	1.256234	2.396351	2.855368	1.966119	2.340139	1.621149	
2.150872	0.826514	0.594243	1.825685	1.591383	2.596392	0.682367	1.838648	1.787631	2.490607	2.265088	1.559848	1.485135	0.250000	0.371652	2.180166	1.378632	2.387075	1.700735	2.707513	1.529706	2.001406	2.437340	1.350926	0.867828	1.253994	2.151308	1.946953	1.853712	1.026219	
1.636498	0.430116	0.111803	1.679658	1.137157	2.105499	0.745822	1.603122	1.312440	2.069118	1.835756	1.044629	1.077033	0.676849	0.492443	1.820027	1.308148	1.925162	1.234150	2.250000	1.311726	1.882153	1.923538	0.867828	0.715891	0.831039	1.697425	1.431782	1.355775	0.530330	
2.414151	2.219234	1.944865	0.190394	1.410009	2.084017	1.327121	0.447214	1.569235	1.475212	1.414214	2.050914	1.204159	1.858259	2.269912	1.001249	0.629484	1.697425	2.603483	1.850000	0.596343	0.050000	2.376973	1.574206	1.167262	2.456751	3.006036	2.163331	2.495621	1.672199	
1.792345	1.711176	1.478386	0.469707	0.785016	1.550000	1.110462	0.201556	0.950329	1.053862	0.916856	1.432873	0.583631	1.622113	1.885636	0.596343	0.626997	1.179248	1.995307	1.401116	0.215058	0.665676	1.779220	0.965013	0.831039	1.891098	2.386551	1.539683	1.874166	1.114955	
1.173936	1.308625	1.170470	1.089151	0.160078	1.114955	1.219119	0.813941	0.353553	0.908983	0.680074	0.825379	0.111803	1.609542	1.655295	0.700000	1.082243	0.825379	1.402007	1.133578	0.719809	1.290349	1.209339	0.406971	0.894427	1.377725	1.770946	0.917878	1.256234	0.686477	
1.579953	0.975000	0.711073	1.053862	0.715891	1.755349	0.577170	0.952956	0.942404	1.542927	1.325943	1.037123	0.550568	0.955249	1.113833	1.218862	0.760345	1.485135	1.484082	1.792519	0.667083	1.264170	1.743022	0.600000	0.275000	1.241974	1.935362	1.325943	1.471819	0.485412	
0.369121	1.760859	1.857586	2.285416	1.104536	0.601041	2.330370	1.973100	0.887764	1.230091	1.114955	0.887764	1.333464	2.563201	2.322848	1.520074	2.322848	0.870704	1.118034	1.021335	1.952562	2.465385	0.055902	1.167262	2.034853	1.491643	1.126111	0.493077	0.816241	1.431127	
1.952562	1.410895	1.119431	0.654313	0.975320	1.952562	0.548293	0.673146	1.200260	1.574206	1.397542	1.454519	0.750417	1.075291	1.432873	1.150272	0.301040	1.621149	1.935523	1.889610	0.369121	0.848896	2.051371	0.980434	0.328824	1.700368	2.379732	1.692077	1.900658	0.941077	
0.509902	0.972433	1.062132	1.901480	0.675463	1.118034	1.625769	1.644118	0.608790	1.402007	1.184536	0.090139	0.867828	1.789204	1.525819	1.434617	1.789728	1.107079	0.601041	1.407347	1.505407	2.109650	0.805062	0.525595	1.368622	0.775403	0.938416	0.305164	0.424264	0.676849	
1.079641	0.883883	0.772172	1.345362	0.357946	1.340009	1.060660	1.131923	0.530330	1.300000	1.063602	0.559017	0.382426	1.333464	1.269350	1.125278	1.185327	1.140175	1.078483	1.465009	0.937083	1.559247	1.255488	0.103078	0.775403	0.972433	1.500000	0.825379	1.007782	0.269258	
0.596343	0.917197	1.127497	2.298369	1.102554	1.437228	1.855398	2.058215	1.044629	1.817278	1.608182	0.430116	1.277204	1.901480	1.502082	1.871163	2.136001	1.500833	0.175000	1.779396	1.893575	2.510229	0.995615	0.901734	1.648105	0.555090	0.540833	0.579871	0.160078	0.919239	
1.976898	1.331353	1.029563	0.775403	1.029866	2.033009	0.413824	0.807775	1.258968	1.685601	1.500833	1.454734	0.813941	0.941077	1.315295	1.272792	0.369121	1.713549	1.908042	1.991231	0.503115	0.961769	2.100595	0.995301	0.223607	1.644118	2.360350	1.718284	1.894235	0.908983	
0.704006	0.986154	0.992472	1.635925	0.416083	1.081954	1.430472	1.379311	0.400000	1.231361	1.001249	0.257391	0.602080	1.657747	1.484924	1.202082	1.536636	0.980434	0.838525	1.300000	1.241219	1.843909	0.901388	0.279508	1.151086	0.903120	1.202601	0.450000	0.689656	0.525595	
1.360606	1.252248	1.064483	0.938416	0.353553	1.343968	0.999062	0.707549	0.575000	1.081954	0.866386	0.938416	0.125000	1.415980	1.525819	0.783023	0.867828	1.041933	1.491643	1.340009	0.540833	1.149184	1.428504	0.460977	0.673146	1.392839	1.893575	1.100284	1.386092	0.632949	
1.900658	1.700184	1.446764	0.371652	0.883883	1.700735	0.995301	0.230489	1.068000	1.211662	1.073837	1.505199	0.665676	1.518634	1.825685	0.750417	0.469707	1.333464	2.053351	1.559046	0.079057	0.583631	1.910007	1.025305	0.740355	1.913439	2.460310	1.644118	1.952562	1.129436	
1.171537	0.467039	0.771767	2.345341	1.336507	1.950000	1.616516	2.170397	1.375909	2.206949	1.977530	0.770146	1.432000	1.510381	1.002809	2.146072	2.071986	1.936653	0.480885	2.243463	1.938105	2.559907	1.560649	1.049405	1.503537	0.079057	0.880696	1.095730	0.743303	0.862047	
0.395285	1.050298	1.165386	2.015099	0.777817	1.091444	1.751606	1.750893	0.682367	1.438967	1.231107	0.201556	0.980115	1.903943	1.616516	1.509346	1.913929	1.125000	0.552268	1.410895	1.622498	2.221627	0.725000	0.650000	1.496036	0.806226	0.840015	0.235850	0.325960	0.800391	
1.963734	1.861619	1.615743	0.309233	0.960469	1.679658	1.165386	0.055902	1.119431	1.133854	1.026219	1.609542	0.760345	1.691892	2.001406	0.656220	0.585769	1.300240	2.170829	1.496036	0.254951	0.493077	1.937298	1.140175	0.916856	2.057304	2.563323	1.712637	2.050914	1.276959	
0.951972	1.844756	1.805028	1.615743	0.710634	0.375832	1.979425	1.290591	0.515388	0.469707	0.340037	1.044330	0.872138	2.350532	2.305022	0.760345	1.764405	0.125000	1.550806	0.436606	1.353699	1.770770	0.725000	0.960469	1.654728	1.746425	1.748035	0.809707	1.286954	1.300240	
0.874643	1.305038	1.241219	1.386768	0.176777	0.874643	1.463087	1.095730	0.055902	0.867828	0.632949	0.625000	0.400780	1.796176	1.740869	0.831039	1.389469	0.665676	1.202601	0.991527	1.027740	1.582127	0.903120	0.395285	1.147007	1.275245	1.525819	0.625000	1.012423	0.735272	
2.001406	2.121320	1.900658	0.525595	1.068000	1.559046	1.510381	0.291548	1.167262	0.925338	0.886002	1.741049	0.919239	2.033624	2.313547	0.460977	0.919918	1.171004	2.319617	1.300961	0.594243	0.602080	1.903943	1.309819	1.250000	2.268948	2.675117	1.767767	2.160006	1.510381	
0.667083	1.770064	1.786232	1.879661	0.807001	0.291548	2.095382	1.559046	0.577170	0.776611	0.656220	0.905884	1.015197	2.409616	2.280488	1.068000	1.975000	0.416083	1.336507	0.626997	1.579953	2.047712	0.406971	0.977880	1.779220	1.601952	1.475847	0.583631	1.051190	1.300240	
1.025305	2.177298	2.176149	2.001406	1.123610	0.127475	2.403773	1.675746	0.910014	0.660019	0.676849	1.319327	1.297353	2.760888	2.674065	1.093446	2.182458	0.400780	1.735655	0.336341	1.767767	2.139655	0.661910	1.345362	2.079814	2.015564	1.827738	0.989002	1.442654	1.679472	
0.055902	1.484082	1.615549	2.292651	1.053862	0.876427	2.176293	1.998124	0.874643	1.419947	1.261943	0.649038	1.281601	2.352791	2.059126	1.627882	2.263018	1.063602	0.794119	1.274755	1.926947	2.486966	0.364005	1.029866	1.902630	1.184536	0.828402	0.304138	0.493077	1.237437	
2.558564	2.386551	2.110835	0.357946	1.562050	2.188892	1.475000	0.590021	1.712637	1.555032	1.515957	2.209779	1.361295	2.002498	2.429120	1.093446	0.775000	1.800868	2.765863	1.930835	0.763217	0.152069	2.505619	1.735655	1.328768	2.623928	3.164352	2.310438	2.652593	1.839327	
1.715007	1.672760	1.450216	0.548293	0.710634	1.475212	1.130542	0.265754	0.872138	0.995301	0.848896	1.364047	0.515388	1.632483	1.870328	0.550568	0.687841	1.107079	1.930026	1.336273	0.269258	0.742041	1.700184	0.901388	0.838525	1.838478	2.316382	1.463087	1.803122	1.068000	
1.872165	1.858259	1.628074	0.427931	0.883883	1.557241	1.241219	0.103078	1.026219	1.006541	0.900347	1.546165	0.700446	1.759616	2.034853	0.529741	0.700446	1.176063	2.115715	1.368622	0.325960	0.594243	1.829105	1.089151	0.972433	2.028854	2.495621	1.625000	1.981161	1.257229	
1.341641	2.064128	1.968026	1.378632	0.840387	0.670820	1.971833	1.057414	0.731864	0.103078	0.134629	1.350231	0.910014	2.406502	2.460310	0.450694	1.621149	0.301040	1.895059	0.406971	1.202601	1.501874	1.114955	1.138530	1.648674	2.032548	2.127352	1.178187	1.649242	1.467353	
2.133219	0.984886	0.680074	1.480287	1.421487	2.456751	0.325960	1.518223	1.637834	2.265226	2.050610	1.541509	1.274755	0.235850	0.694622	1.913766	1.025305	2.205958	1.800174	2.516446	1.209597	1.650000	2.371708	1.231107	0.559017	1.399330	2.265226	1.903943	1.900164	0.951972	
1.241974	1.770770	1.657747	1.184536	0.539676	0.801561	1.660008	0.859142	0.485412	0.416083	0.195256	1.122776	0.590021	2.087163	2.146654	0.371652	1.358538	0.427931	1.693000	0.682367	0.941409	1.340009	1.110462	0.843356	1.335337	1.775176	1.979425	1.033501	1.477329	1.162164	
2.383406	1.110180	0.851469	1.755349	1.730065	2.759642	0.601041	1.820027	1.941649	2.584811	2.369072	1.789204	1.591383	0.090139	0.651920	2.232711	1.286954	2.519176	1.975633	2.831960	1.513481	1.910497	2.646224	1.522539	0.874643	1.538059	2.431306	2.166218	2.112019	1.221167	
1.448491	2.229630	2.135708	1.471394	1.007782	0.691466	2.126029	1.158123	0.892328	0.070711	0.302076	1.500833	1.075291	2.568195	2.627975	0.539676	1.746425	0.380789	2.034853	0.333542	1.330648	1.576785	1.185854	1.305038	1.804508	2.189321	2.246108	1.304320	1.779923	1.634778	
1.103687	0.539676	0.496236	1.622498	0.691466	1.574206	1.068878	1.444386	0.816241	1.628650	1.391492	0.509902	0.728869	1.195042	0.990581	1.475212	1.382932	1.432655	0.862047	1.758195	1.213724	1.837457	1.375227	0.388104	0.860959	0.648556	1.320038	0.886707	0.887764	0.141421	
1.880990	0.525595	0.325960	1.866815	1.421487	2.387075	0.806226	1.826540	1.597263	2.350532	2.118077	1.297112	1.353237	0.529741	0.226385	2.087163	1.456022	2.210204	1.402007	2.535005	1.525000	2.059430	2.186607	1.152443	0.883883	0.952956	1.850676	1.690044	1.564649	0.813941	
1.595501	2.093144	1.947113	1.068878	0.875000	1.007782	1.806239	0.759111	0.855132	0.350000	0.355317	1.491643	0.855132	2.281584	2.419969	0.145774	1.364734	0.626498	2.064128	0.725431	0.956883	1.175266	1.418185	1.176063	1.495410	2.130288	2.347871	1.398660	1.848141	1.471394	
2.125588	1.239456	0.919918	1.060660	1.257229	2.288695	0.100000	1.129712	1.487027	1.991231	1.796176	1.562850	1.063602	0.632949	1.091444	1.592561	0.600000	1.991231	1.940522	2.281721	0.828025	1.225255	2.298097	1.152443	0.285044	1.608765	2.405203	1.875167	1.976898	0.970824	
2.157835	1.894235	1.621149	0.134629	1.141271	1.926460	1.044330	0.292617	1.323112	1.388569	1.278916	1.757306	0.922293	1.578765	1.957837	0.910014	0.381608	1.550202	2.298369	1.750893	0.282843	0.347311	2.160006	1.274755	0.853302	2.136001	2.711665	1.901480	2.205958	1.352082	
0.588430	1.891593	1.950160	2.164630	1.060660	0.348210	2.335193	1.844078	0.831039	1.007782	0.922293	1.007782	1.278916	2.616295	2.432720	1.342805	2.251250	0.656220	1.328533	0.771767	1.860779	2.332515	0.201556	1.188486	2.025617	1.664332	1.375000	0.625000	1.027740	1.488498	
2.098362	0.855132	0.575543	1.650757	1.469906	2.490607	0.509902	1.667708	1.675187	2.350532	2.128673	1.504161	1.347683	0.201556	0.506211	2.025154	1.204159	2.263846	1.704589	2.580940	1.358538	1.826540	2.363525	1.248249	0.697316	1.279893	2.164486	1.881821	1.831154	0.939415	
2.373025	1.805028	1.497707	0.520216	1.372953	2.286099	0.740355	0.742041	1.587648	1.811250	1.673507	1.889610	1.142639	1.251000	1.731509	1.342805	0.152069	1.927596	2.371708	2.160006	0.559017	0.625000	2.443486	1.411559	0.695072	2.121320	2.817024	2.112019	2.336932	1.375000	
1.875000	1.027740	0.715017	1.104536	1.040733	2.079814	0.254951	1.098294	1.267379	1.838478	1.629801	1.308625	0.866747	0.673146	0.982980	1.476906	0.696419	1.802776	1.690599	2.105053	0.789383	1.294701	2.059430	0.908639	0.127475	1.375000	2.154066	1.626730	1.722099	0.715891	
1.043132	0.475657	0.745822	2.232711	1.191900	1.802256	1.565248	2.046033	1.225255	2.055480	1.826540	0.618466	1.296630	1.510174	1.049405	2.001562	1.979899	1.784657	0.406971	2.091949	1.823630	2.447703	1.425219	0.910014	1.425219	0.090139	0.851469	0.951972	0.630971	0.750000	
0.886707	1.448491	1.386768	1.402007	0.291548	0.749166	1.578963	1.095730	0.103078	0.731864	0.500625	0.731864	0.485412	1.930026	1.886299	0.750417	1.451938	0.520216	1.298075	0.845946	1.068878	1.587648	0.848896	0.540833	1.258223	1.403567	1.590794	0.656220	1.084551	0.880696	
0.292617	1.671077	1.767767	2.232991	1.035917	0.632949	2.248611	1.924188	0.824621	1.227294	1.096586	0.797653	1.265899	2.475505	2.232711	1.491643	2.256380	0.866747	1.040733	1.044031	1.892254	2.416609	0.111803	1.085415	1.955761	1.405569	1.075291	0.403113	0.738664	1.343968	
1.350926	0.740355	0.534439	1.308864	0.637377	1.650757	0.775000	1.164313	0.835539	1.556639	1.325000	0.781425	0.561805	1.020417	1.007782	1.309819	1.044330	1.432873	1.200521	1.754459	0.906228	1.522539	1.559046	0.413824	0.529741	0.965013	1.654728	1.107079	1.202082	0.201556	
1.735655	1.927596	1.731509	0.676849	0.816241	1.323820	1.456237	0.357946	0.903120	0.740355	0.654313	1.488498	0.691466	1.957358	2.172125	0.261008	0.964689	0.937083	2.069118	1.107079	0.566789	0.809707	1.644118	1.075291	1.163239	2.043588	2.415186	1.502706	1.900658	1.305996	
1.814008	0.395285	0.348210	2.039608	1.475847	2.391783	1.012423	1.976424	1.629801	2.416609	2.180883	1.250000	1.439184	0.726722	0.190394	2.188892	1.644688	2.247221	1.270089	2.573179	1.681703	2.237465	2.145052	1.187697	1.061249	0.803508	1.702939	1.645068	1.463087	0.850000	
1.473516	1.171804	0.950329	0.910014	0.502494	1.518634	0.818917	0.735272	0.731864	1.256234	1.044330	0.999062	0.292617	1.241974	1.388569	0.929045	0.752080	1.221935	1.520691	1.520074	0.500000	1.125000	1.575000	0.514782	0.493077	1.364734	1.945026	1.212693	1.449569	0.581485	
0.854400	0.900347	1.171804	2.532908	1.375227	1.726268	1.973100	2.310438	1.336273	2.117929	1.907387	0.705780	1.532359	1.938105	1.460522	2.159427	2.330906	1.801562	0.127475	2.077408	2.123970	2.746930	1.258223	1.145098	1.805028	0.475657	0.425000	0.876427	0.412311	1.090011	
1.581139	0.160078	0.357946	2.110835	1.377044	2.220360	1.184536	2.005773	1.500208	2.316382	2.079213	1.043132	1.383158	0.980434	0.456207	2.139655	1.755883	2.113203	1.000625	2.437340	1.728077	2.317461	1.930835	1.075291	1.163239	0.530330	1.428504	1.432873	1.208305	0.760345	
0.355317	1.076162	1.226020	2.155371	0.919239	1.158123	1.858259	1.892254	0.818917	1.554228	1.353006	0.309233	1.120547	1.981161	1.654728	1.644118	2.046491	1.229075	0.452769	1.501874	1.761391	2.362335	0.735272	0.782624	1.613420	0.781025	0.700446	0.301040	0.190394	0.903120	
0.890225	1.416201	1.352082	1.388569	0.257391	0.782624	1.546165	1.085415	0.075000	0.760345	0.527376	0.711073	0.456207	1.895059	1.851520	0.760345	1.428504	0.555090	1.281113	0.880696	1.049405	1.576587	0.867828	0.506211	1.226020	1.377044	1.582127	0.654313	1.073546	0.845946	
0.840015	1.378858	1.325236	1.431782	0.261008	0.784618	1.550806	1.131923	0.035355	0.806226	0.575543	0.657647	0.475657	1.886299	1.825171	0.816241	1.457738	0.583095	1.226020	0.908983	1.085415	1.622113	0.834416	0.480234	1.233390	1.328768	1.526434	0.601041	1.017657	0.820061	
5	10	15	
5	10	15	
5	10	15	
5	10	15	
5	10	15	
5	10	15	
5	10	15	
5	10	15	
5	10	15	
5	10	15	
5	10	15	
5	10	15	
5	10	15	
5	10	15	
5	10	15	
5	10	15	
5	10	15	
5	10	15	
5	10	15	
5	10	15	
5	10	15	
5	10	15	
5	10	15	
5	10	15	
5	10	15	
5	10	15	
5	10	15	
5	10	15	
5	10	15	
5	10	15	
6	11	16	
6	11	16	
6	11	16	
6	11	16	
6	11	16	
6	11	16	
6	11	16	
6	11	16	
6	11	16	
6	11	16	
6	11	16	
6	11	16	
6	11	16	
6	11	16	
6	11	16	
6	11	16	
6	11	16	
6	11	16	
6	11	16	
6	11	16	
6	11	16	
6	11	16	
6	11	16	
6	11	16	
6	11	16	
6	11	16	
6	11	16	
6	11	16	
6	11	16	
6	11	16	
0.500000	0.500000	0.500000	
0.500000	0.500000	0.500000	
0.500000	0.500000	0.500000	
0.500000	0.500000	0.500000	
0.500000	0.500000	0.500000	
0.500000	0.500000	0.500000	
0.500000	0.500000	0.500000	
0.500000	0.500000	0.500000	
0.500000	0.500000	0.500000	
0.500000	0.500000	0.500000	
0.500000	0.500000	0.500000	
0.500000	0.500000	0.500000	
0.500000	0.500000	0.500000	
0.500000	0.500000	0.500000	
0.500000	0.500000	0.500000	
0.500000	0.500000	0.500000	
0.500000	0.500000	0.500000	
0.500000	0.500000	0.500000	
0.500000	0.500000	0.500000	
0.500000	0.500000	0.500000	
0.500000	0.500000	0.500000	
0.500000	0.500000	0.500000	
0.500000	0.500000	0.500000	
0.500000	0.500000	0.500000	
0.500000	0.500000	0.500000	
0.500000	0.500000	0.500000	
0.500000	0.500000	0.500000	
0.500000	0.500000	0.500000	
0.500000	0.500000	0.500000	
0.500000	0.500000	0.500000	
0.500000
144