100
30
3
1.133333	0.650000	1.216667	0.433333	0.966667	1.650000	1.233333	0.833333	0.966667	0.683333	0.500000	0.300000	1.650000	1.150000	0.933333	0.266667	0.816667	1.266667	1.433333	1.500000	1.350000	0.466667	1.083333	1.283333	0.833333	0.466667	1.533333	0.583333	0.966667	0.700000	1.566667	1.100000	0.433333	0.650000	1.400000	1.333333	0.850000	1.066667	0.350000	0.400000	0.533333	0.716667	0.683333	1.316667	0.166667	1.100000	0.816667	1.466667	1.650000	0.566667	0.466667	0.516667	0.783333	1.600000	1.066667	1.266667	1.283333	0.733333	1.166667	1.066667	0.650000	0.916667	0.250000	0.566667	0.983333	1.366667	0.766667	1.583333	0.233333	0.850000	1.050000	0.933333	0.916667	0.650000	0.483333	0.883333	0.400000	0.183333	0.700000	0.733333	0.283333	0.933333	0.700000	0.866667	0.200000	0.783333	1.216667	0.583333	1.200000	0.583333	0.400000	0.550000	1.016667	1.633333	0.916667	0.600000	0.200000	0.766667	0.600000	0.416667	
2.040221	0.320156	1.844756	1.035917	0.474342	0.697316	2.656360	2.226264	1.229075	1.454734	2.529452	0.946375	2.461834	1.627882	0.860233	0.250000	1.645068	0.206155	0.845946	2.055024	1.415318	1.752855	1.841535	1.922563	1.575000	1.052675	1.110462	1.215010	1.736555	1.891593	
1.985101	0.336341	1.788854	0.996243	0.436606	0.661910	2.601082	2.177298	1.209339	1.415318	2.477146	0.892328	2.406502	1.594718	0.835539	0.195256	1.595501	0.225000	0.797653	2.010286	1.360147	1.704589	1.789728	1.887624	1.550806	1.004988	1.054751	1.165386	1.694476	1.838818	
1.916540	1.416201	1.544345	0.602080	1.134956	0.908639	1.875667	1.006541	0.531507	0.265754	1.451293	1.510381	1.733854	0.025000	2.113203	1.428504	0.719809	1.792519	0.892328	2.584811	1.557241	2.215429	0.946375	0.325000	0.300000	1.812457	1.192686	0.735272	0.375832	2.058215	
1.418185	1.423464	1.442437	1.599414	1.273283	1.430035	2.307054	2.313547	2.038535	1.930026	2.428091	0.682367	2.125000	2.198010	0.325960	1.035012	1.800694	1.013040	1.297353	1.007782	0.956883	0.816241	1.860779	2.425387	2.291970	0.400780	1.052675	1.480709	2.104311	1.117195	
1.192686	1.188486	1.120547	1.187697	0.943398	1.061249	1.995307	1.902958	1.651704	1.502082	2.051981	0.251247	1.805028	1.773415	0.514782	0.776209	1.375227	0.912414	0.887764	1.116076	0.620987	0.801561	1.451293	1.995307	1.882319	0.103078	0.625000	1.049405	1.672760	0.972433	
1.980688	0.265754	1.716464	0.645174	0.175000	0.301040	2.448597	1.892254	0.778621	1.051487	2.241093	0.982344	2.259425	1.195042	1.195042	0.375000	1.328768	0.654313	0.559017	2.200568	1.375227	1.858259	1.555032	1.494364	1.125278	1.196349	0.982980	0.915492	1.346291	1.910497	
0.958188	2.112019	1.187960	1.982738	1.856239	1.942453	1.907387	2.243463	2.487217	2.190462	2.202272	1.054751	1.761391	2.475505	1.134956	1.700184	1.878330	1.781327	1.710263	0.200000	0.908983	0.261008	1.826369	2.628807	2.652593	0.822344	1.273283	1.722099	2.263846	0.602080	
1.040733	1.202341	0.919239	1.030776	0.893378	0.964689	1.789728	1.672760	1.520691	1.309819	1.825171	0.079057	1.597263	1.587648	0.738664	0.800391	1.150272	1.021335	0.742462	1.151629	0.430116	0.798827	1.220912	1.794610	1.720465	0.254951	0.403113	0.845946	1.461592	0.878208	
1.125000	1.291559	1.081665	1.261943	1.041933	1.152443	1.955920	1.913276	1.735655	1.559848	2.039914	0.302076	1.768120	1.835245	0.550568	0.879275	1.402007	1.007782	0.965013	1.013040	0.583095	0.700446	1.460522	2.047712	1.955761	0.000000	0.657647	1.099147	1.716464	0.886707	
0.980434	1.225255	0.832541	0.972433	0.892328	0.939415	1.698529	1.570032	1.472455	1.229837	1.723550	0.125000	1.505199	1.510381	0.840387	0.834416	1.051190	1.084551	0.695072	1.179248	0.357946	0.816241	1.118034	1.708801	1.655483	0.350892	0.309233	0.761577	1.370447	0.850368	
2.205816	1.026219	1.855398	0.583095	0.877852	0.682367	2.338402	1.527457	0.070711	0.632949	1.961186	1.520280	2.178589	0.555090	1.968026	1.178187	1.126111	1.488498	0.849264	2.715005	1.724094	2.345341	1.378632	0.831039	0.335410	1.806239	1.303840	0.925000	0.886707	2.269637	
1.708984	0.482830	1.456022	0.559017	0.103078	0.261008	2.217121	1.735115	0.873212	0.976281	2.050914	0.711512	2.025154	1.176063	1.028652	0.279508	1.155692	0.656220	0.355317	1.936814	1.100000	1.589222	1.361295	1.460522	1.176860	0.943398	0.715891	0.726722	1.249500	1.634396	
0.167705	2.044658	0.212132	1.480709	1.665270	1.625000	0.929045	1.264170	1.978004	1.498541	1.177391	0.995615	0.759111	1.762278	1.609542	1.683931	1.050298	1.956559	1.325236	1.049405	0.514782	0.776611	0.905884	1.825000	2.012461	1.060660	0.855862	1.116076	1.456451	0.431567	
1.520691	1.331353	1.522539	1.574206	1.210372	1.380670	2.392958	2.355048	1.993897	1.922563	2.490607	0.700446	2.208082	2.184033	0.200000	0.955249	1.826540	0.901388	1.273038	1.134956	1.028652	0.939415	1.902958	2.422034	2.261775	0.450694	1.076162	1.485345	2.112019	1.230091	
1.392839	2.333452	1.093446	1.437228	1.947434	1.768120	0.816241	0.190394	1.690599	1.107362	0.279508	1.779220	0.761988	1.188486	2.514458	2.150581	0.745822	2.523886	1.546165	2.322310	1.478386	2.022375	0.571183	1.025305	1.485976	2.015099	1.416201	1.175266	0.831039	1.703856	
0.915492	1.962301	0.571183	1.138530	1.560649	1.420607	0.770146	0.498121	1.530114	0.950329	0.583095	1.253994	0.602080	1.152443	1.986989	1.714825	0.450694	2.071986	1.151086	1.802776	0.928036	1.485976	0.201556	1.129436	1.442654	1.473516	0.908983	0.794119	0.790569	1.188486	
2.272939	0.794512	2.151308	1.546165	0.990581	1.216553	3.007075	2.685610	1.751606	1.964688	2.950106	1.195042	2.812139	2.149709	0.725431	0.711512	2.102974	0.333542	1.323112	2.057456	1.671264	1.825171	2.274313	2.441823	2.100149	1.165386	1.469906	1.677051	2.237325	2.051981	
1.731509	0.469707	1.473516	0.539676	0.075000	0.230489	2.226685	1.730065	0.840387	0.958188	2.051828	0.743303	2.035313	1.152443	1.062132	0.301040	1.152443	0.673146	0.353553	1.969772	1.125278	1.621149	1.362213	1.438967	1.147279	0.977880	0.735697	0.725000	1.234909	1.662077	
0.090139	2.245134	0.465027	1.728077	1.877665	1.854218	0.986471	1.479231	2.229630	1.755883	1.334166	1.154340	0.850000	2.019437	1.690599	1.868321	1.305038	2.112611	1.557241	0.900000	0.686477	0.705780	1.149184	2.077408	2.269637	1.158123	1.075291	1.367708	1.710263	0.335410	
2.198010	0.382426	2.013237	1.198176	0.637377	0.854400	2.830636	2.400521	1.350231	1.615549	2.706127	1.099147	2.635930	1.776584	0.906228	0.425735	1.820027	0.190394	1.020110	2.161741	1.574206	1.875167	2.018044	2.074247	1.704589	1.176063	1.282819	1.390144	1.901480	2.034853	
1.722099	0.887764	1.386092	0.079057	0.564026	0.340037	1.971199	1.296389	0.437321	0.425000	1.680774	1.030776	1.795132	0.600521	1.559046	0.853302	0.771767	1.220912	0.360555	2.210204	1.219119	1.840007	1.021335	0.887764	0.637377	1.325236	0.797653	0.450694	0.721110	1.767060	
2.083867	1.443087	1.711907	0.704006	1.200000	0.975320	2.028854	1.138530	0.493077	0.425735	1.587648	1.644118	1.891593	0.158114	2.219234	1.500833	0.886707	1.852701	1.004054	2.741464	1.714825	2.371181	1.109617	0.355317	0.167705	1.945668	1.340009	0.886707	0.527376	2.221627	
0.559017	1.905912	0.726722	1.608765	1.589025	1.629801	1.502082	1.776584	2.122646	1.768120	1.750179	0.781425	1.340009	2.051828	1.166190	1.500833	1.423464	1.677051	1.364047	0.555090	0.477624	0.206155	1.360606	2.185463	2.250694	0.673146	0.887764	1.310057	1.816762	0.230489	
1.350000	0.873212	1.073837	0.450694	0.474342	0.431567	1.826540	1.398660	0.938416	0.785016	1.681703	0.515388	1.634205	1.044031	1.104536	0.602080	0.816241	0.970824	0.160078	1.712637	0.770146	1.346291	0.995615	1.286954	1.144825	0.811249	0.350892	0.395285	1.002809	1.322167	
0.430116	1.897367	0.055902	1.256234	1.504161	1.435705	0.886707	1.027740	1.740869	1.241471	1.007782	0.937083	0.695072	1.500833	1.622498	1.565248	0.785016	1.872165	1.134956	1.273038	0.493077	0.961769	0.645174	1.559247	1.756595	1.076162	0.705780	0.883883	1.190851	0.660019	
2.180166	0.656220	2.040221	1.394633	0.838525	1.064483	2.888014	2.542759	1.603122	1.813319	2.815360	1.089151	2.692815	1.997655	0.711073	0.561805	1.959751	0.182003	1.175266	2.025154	1.569235	1.771475	2.136147	2.289787	1.950000	1.092016	1.343503	1.532359	2.087163	1.976424	
1.775704	0.548293	1.485345	0.369121	0.201556	0.025000	2.183031	1.609542	0.637377	0.784618	1.960230	0.874643	1.996246	0.958188	1.264170	0.500625	1.046721	0.859142	0.304138	2.102974	1.196349	1.744456	1.275980	1.250250	0.941409	1.136332	0.778621	0.638847	1.073546	1.746425	
0.721110	1.767767	0.831039	1.546165	1.470544	1.531747	1.648105	1.845603	2.055024	1.745351	1.858259	0.656220	1.478386	2.030394	0.986154	1.358308	1.444386	1.513275	1.282819	0.590021	0.469707	0.223607	1.412887	2.186607	2.209779	0.505594	0.831039	1.277204	1.823630	0.410030	
0.657647	2.462214	0.583631	1.722099	2.061553	1.961186	0.302076	0.965013	2.150145	1.579953	0.682367	1.538871	0.152069	1.784657	2.210204	2.152324	1.077613	2.470324	1.668270	1.600195	1.081954	1.382932	0.834416	1.741049	2.075602	1.660008	1.290591	1.353237	1.418846	1.015197	
0.745822	2.010286	0.958188	1.800174	1.723731	1.788854	1.697793	2.013082	2.310438	1.984943	1.975633	0.910014	1.545356	2.269637	1.138530	1.598828	1.656050	1.726630	1.539683	0.336341	0.695072	0.035355	1.597655	2.412986	2.457768	0.726722	1.081954	1.520691	2.045880	0.388104	
1.684117	0.707990	1.375909	0.213600	0.348210	0.141421	2.042670	1.450000	0.585769	0.632456	1.805028	0.867828	1.858259	0.825379	1.343968	0.629484	0.890225	1.000625	0.213600	2.080415	1.130542	1.715007	1.123610	1.110180	0.845946	1.150272	0.704006	0.492443	0.916856	1.683931	
1.226020	1.200260	0.883883	0.425735	0.800391	0.660019	1.513481	1.007782	0.917197	0.520216	1.308625	0.764853	1.328533	0.805062	1.451938	0.985203	0.425000	1.359458	0.390512	1.803469	0.778621	1.432873	0.618971	0.989002	0.995615	1.061249	0.413824	0.055902	0.657647	1.303840	
0.838153	1.952562	1.026219	1.789728	1.680774	1.758195	1.789204	2.069118	2.295784	1.995307	2.050152	0.872138	1.632674	2.280351	1.044031	1.540292	1.688564	1.650000	1.520074	0.357946	0.716327	0.111803	1.645068	2.435416	2.457768	0.661910	1.078483	1.526843	2.071382	0.482830	
1.494364	1.079641	1.147279	0.190394	0.707549	0.512957	1.717010	1.078483	0.649038	0.328824	1.442221	0.939415	1.540292	0.594243	1.559848	0.956883	0.527376	1.337208	0.353553	2.051828	1.035012	1.680216	0.771767	0.831039	0.742462	1.241471	0.637377	0.213600	0.570088	1.569235	
1.274755	1.697056	0.901734	0.805062	1.312440	1.131923	1.177391	0.465027	1.122776	0.530330	0.828025	1.252248	1.026219	0.715891	1.972942	1.526434	0.127475	1.903943	0.915492	2.071382	1.083109	1.721918	0.237171	0.715017	1.007782	1.525819	0.876427	0.548862	0.357946	1.485135	
1.234909	1.004988	1.085415	0.939747	0.715891	0.816241	1.944544	1.741049	1.402007	1.267379	1.935362	0.134629	1.750179	1.533786	0.657647	0.600000	1.187960	0.827647	0.638847	1.323112	0.614919	0.982344	1.296630	1.765290	1.634205	0.336341	0.450694	0.828402	1.455378	1.079641	
1.963734	0.496236	1.796698	1.122776	0.575543	0.801561	2.631539	2.263846	1.368622	1.540292	2.541776	0.863496	2.436314	1.733854	0.686477	0.285044	1.680774	0.106066	0.896172	1.913276	1.342805	1.625192	1.860108	2.022375	1.704589	0.926350	1.081954	1.252996	1.810559	1.789728	
1.327121	2.666693	1.122776	1.796698	2.269637	2.110095	0.500000	0.608276	2.095382	1.504161	0.167705	1.969296	0.546008	1.608182	2.694671	2.440543	1.081665	2.801116	1.860276	2.279940	1.589222	2.028854	0.851469	1.450862	1.907387	2.163475	1.636498	1.491643	1.243232	1.675000	
1.650189	0.625000	1.364734	0.353553	0.230489	0.134629	2.079814	1.546165	0.721110	0.770146	1.879162	0.755811	1.891098	0.975000	1.193995	0.485412	0.972433	0.862047	0.190394	1.981477	1.068878	1.621149	1.190851	1.256234	0.996243	1.025914	0.651920	0.550568	1.044629	1.619027	
0.650481	2.195592	0.933408	1.921263	1.892254	1.940522	1.587648	2.001406	2.435416	2.068967	1.916377	1.079352	1.450862	2.351197	1.352082	1.786232	1.700184	1.930835	1.677051	0.304138	0.785016	0.230489	1.610318	2.471462	2.557587	0.925338	1.200521	1.616516	2.100595	0.316228	
1.130542	1.581336	0.755811	0.728869	1.185591	1.026219	1.182423	0.626997	1.125278	0.564026	0.921954	1.054751	1.011187	0.805062	1.779923	1.375000	0.090139	1.747319	0.777817	1.886796	0.886707	1.532359	0.235850	0.866386	1.075291	1.325236	0.679154	0.406971	0.494975	1.312440	
1.191900	2.801451	1.073546	1.969772	2.399088	2.260669	0.251247	0.876427	2.316247	1.722099	0.431567	1.995307	0.395285	1.858259	2.697800	2.538331	1.258223	2.882815	1.990289	2.128673	1.569235	1.917192	1.007782	1.727896	2.159282	2.152324	1.697056	1.634205	1.485345	1.549597	
2.203548	0.477624	1.902630	0.650000	0.485412	0.427931	2.553551	1.880326	0.522015	0.973717	2.272939	1.286954	2.373025	1.033501	1.550202	0.730154	1.364047	0.972433	0.725431	2.516198	1.627882	2.163475	1.611870	1.333464	0.886002	1.526434	1.209339	1.006541	1.273283	2.177441	
1.559247	0.919918	1.229075	0.090139	0.548862	0.353553	1.850000	1.237942	0.604669	0.452769	1.595501	0.880696	1.669019	0.686477	1.451293	0.807001	0.680074	1.185854	0.230489	2.045880	1.051487	1.675187	0.917878	0.950000	0.776611	1.179248	0.630971	0.304138	0.719809	1.599414	
2.073192	1.559046	1.698897	0.785016	1.302162	1.076162	1.962938	1.052675	0.617454	0.450694	1.503330	1.700735	1.833712	0.167705	2.299592	1.600195	0.862047	1.957837	1.079352	2.765863	1.738174	2.397525	1.068000	0.235850	0.285044	2.002811	1.380670	0.922293	0.474342	2.229910	
1.334166	2.478911	1.075000	1.595501	2.086265	1.917355	0.645174	0.382426	1.875667	1.286954	0.090139	1.848141	0.625000	1.382932	2.581182	2.272664	0.886707	2.640076	1.679472	2.281036	1.505199	2.002498	0.675463	1.225255	1.681703	2.064128	1.498541	1.308148	1.020110	1.665270	
1.060660	1.456022	1.073837	1.410009	1.209339	1.315770	1.938105	1.976424	1.892254	1.688564	2.067758	0.445112	1.755883	1.967867	0.610328	1.044031	1.492062	1.151086	1.117195	0.848896	0.594243	0.552268	1.525205	2.168237	2.101339	0.167705	0.766893	1.221167	1.827054	0.784618	
2.310979	1.559848	1.938105	0.906228	1.361295	1.142639	2.217121	1.300240	0.579871	0.656220	1.750714	1.860779	2.088660	0.381608	2.411561	1.665270	1.107079	2.001406	1.208305	2.970690	1.944544	2.600120	1.320275	0.456207	0.226385	2.161307	1.565647	1.114955	0.728011	2.452040	
0.916856	1.355775	0.602080	0.728011	0.956883	0.880696	1.352082	1.073837	1.234909	0.831039	1.269350	0.588430	1.158123	1.114955	1.322167	1.055047	0.555090	1.396648	0.579871	1.488707	0.460977	1.120547	0.625000	1.265158	1.320038	0.850000	0.223607	0.381608	0.906228	0.977880	
1.650189	0.625000	1.364734	0.353553	0.230489	0.134629	2.079814	1.546165	0.721110	0.770146	1.879162	0.755811	1.891098	0.975000	1.193995	0.485412	0.972433	0.862047	0.190394	1.981477	1.068878	1.621149	1.190851	1.256234	0.996243	1.025914	0.651920	0.550568	1.044629	1.619027	
1.007782	1.770064	0.637377	0.933408	1.370447	1.221935	0.976281	0.527376	1.327121	0.753741	0.743303	1.140175	0.806226	0.972433	1.875000	1.540495	0.251247	1.905420	0.960469	1.833712	0.883883	1.495201	0.075000	0.985203	1.255488	1.386092	0.775403	0.596343	0.626498	1.234909	
1.575793	0.648556	1.304320	0.425735	0.246221	0.235850	2.047102	1.560649	0.825379	0.831039	1.874166	0.651920	1.856071	1.052675	1.099147	0.436606	0.980115	0.817389	0.180278	1.879495	0.982980	1.520896	1.184536	1.325943	1.091444	0.919918	0.575543	0.550568	1.092016	1.529706	
0.900347	2.243463	1.171004	2.065490	1.973100	2.047102	1.835926	2.237325	2.575121	2.248472	2.164486	1.162970	1.700735	2.532908	1.290591	1.831154	1.908042	1.927596	1.802776	0.070711	0.957209	0.301040	1.835245	2.670791	2.723279	0.951972	1.347683	1.785532	2.302173	0.559017	
2.085216	1.700184	1.710263	0.901388	1.432873	1.206493	1.907387	0.976281	0.763217	0.529741	1.425219	1.787806	1.789204	0.275000	2.408449	1.727896	0.870704	2.090006	1.187960	2.815360	1.790251	2.450128	1.051487	0.125000	0.424264	2.089258	1.453444	0.995301	0.465027	2.263018	
1.201041	0.996243	0.941077	0.583631	0.608276	0.588430	1.726630	1.378858	1.085415	0.869626	1.625000	0.391312	1.532359	1.142366	1.051190	0.680074	0.807001	1.025914	0.313249	1.560649	0.612883	1.192686	0.951972	1.364276	1.270089	0.693271	0.201556	0.425735	1.052675	1.164313	
1.866313	1.677982	1.491643	0.813941	1.370447	1.147007	1.693554	0.776611	0.813941	0.400780	1.227294	1.631334	1.570430	0.265754	2.283774	1.652460	0.654313	2.025617	1.075291	2.615578	1.595306	2.253470	0.828025	0.125000	0.538516	1.930026	1.281601	0.831039	0.247487	2.053351	
1.482608	0.840015	1.177391	0.257391	0.442295	0.309233	1.868321	1.340009	0.745822	0.625000	1.665083	0.710634	1.680774	0.867828	1.270089	0.660019	0.761988	1.040733	0.050000	1.900658	0.933408	1.532359	0.976281	1.126111	0.951972	1.005609	0.506211	0.336341	0.873212	1.486607	
0.982344	2.729469	0.910014	1.937298	2.326478	2.205958	0.035355	0.965013	2.322848	1.733854	0.561805	1.856913	0.230489	1.900658	2.540177	2.441311	1.245492	2.772183	1.923051	1.908042	1.410009	1.710263	0.990581	1.804508	2.200142	1.990760	1.585284	1.583114	1.525819	1.340009	
2.256103	0.158114	2.033624	1.060955	0.531507	0.715017	2.812694	2.302444	1.134956	1.466714	2.638773	1.179248	2.620234	1.597655	1.123610	0.452769	1.732412	0.424264	0.941077	2.319078	1.632674	2.009975	1.949679	1.899013	1.496036	1.311726	1.290591	1.310057	1.762278	2.130288	
0.458939	2.375526	0.816241	1.982738	2.040374	2.055633	1.325000	1.857586	2.495245	2.066549	1.710263	1.250000	1.209339	2.340005	1.632674	1.975633	1.644878	2.162319	1.772005	0.570088	0.855132	0.520216	1.511001	2.422421	2.573179	1.158123	1.281113	1.644118	2.051828	0.304138	
1.165386	1.578171	0.790569	0.715891	1.184536	1.020110	1.201301	0.614919	1.101136	0.534439	0.925338	1.077613	1.032594	0.771767	1.800174	1.380444	0.055902	1.754459	0.778621	1.921263	0.919239	1.566246	0.246221	0.831039	1.044031	1.350926	0.701783	0.406971	0.459619	1.347683	
1.171537	1.312440	1.144825	1.325000	1.081665	1.202601	2.017734	1.987775	1.792519	1.629801	2.110835	0.371652	1.831154	1.903943	0.494975	0.901388	1.476906	1.001249	1.026219	0.995301	0.648556	0.701783	1.535008	2.119257	2.019437	0.075000	0.731864	1.171004	1.789728	0.916856	
0.905884	1.352082	0.820061	1.131371	1.037123	1.095730	1.695029	1.654728	1.632483	1.376817	1.770946	0.226385	1.505407	1.659254	0.811249	0.950329	1.163239	1.162164	0.855132	1.020417	0.320156	0.660019	1.202341	1.848141	1.811767	0.269258	0.447214	0.905884	1.502082	0.728869	
2.166218	1.054751	1.813319	0.555090	0.886002	0.682825	2.286099	1.471819	0.075000	0.579871	1.906076	1.503537	2.127352	0.500000	1.969772	1.188486	1.075291	1.507481	0.831039	2.690376	1.693554	2.320022	1.327121	0.778621	0.292617	1.792519	1.275980	0.886707	0.831039	2.236767	
2.338001	1.325236	1.973100	0.797261	1.171004	0.965660	2.350532	1.471394	0.357946	0.680074	1.919798	1.760859	2.206949	0.475657	2.251944	1.473516	1.176860	1.789204	1.090011	2.923290	1.910007	2.551715	1.414214	0.670820	0.175000	2.055024	1.505199	1.081665	0.850368	2.440927	
1.089151	2.435416	0.859142	1.587648	2.035006	1.886796	0.427200	0.522015	1.928244	1.334166	0.182003	1.702388	0.371652	1.476906	2.426160	2.192316	0.873212	2.547793	1.625000	2.040374	1.320275	1.775176	0.626498	1.364734	1.777815	1.894235	1.375000	1.261943	1.102554	1.428504	
1.052675	2.189892	1.294701	2.087163	1.945668	2.038535	1.997655	2.352791	2.589643	2.300136	2.304886	1.151086	1.856071	2.585174	1.176063	1.779220	1.990132	1.842044	1.811767	0.180278	1.020417	0.371652	1.937298	2.740096	2.759755	0.906228	1.380670	1.831154	2.375395	0.700000	
1.091444	1.125278	0.941077	0.945053	0.807001	0.874643	1.803469	1.637834	1.432000	1.234909	1.811250	0.025000	1.609542	1.510381	0.759111	0.728869	1.101136	0.972754	0.654313	1.241219	0.469707	0.886707	1.188486	1.724094	1.636498	0.325000	0.350892	0.776209	1.397542	0.950329	
0.930054	1.414214	0.896172	1.256234	1.123610	1.200521	1.768120	1.776584	1.752320	1.510381	1.875000	0.313249	1.582127	1.792345	0.743303	1.004988	1.294701	1.176860	0.973717	0.916856	0.403887	0.570088	1.325236	1.982738	1.940522	0.195256	0.581485	1.039832	1.636498	0.704006	
1.465009	0.869626	1.331587	1.037123	0.671751	0.832166	2.192031	1.960867	1.445035	1.408013	2.173850	0.375000	1.997655	1.657181	0.480885	0.459619	1.394633	0.601041	0.740355	1.437228	0.853302	1.127497	1.523155	1.910497	1.717738	0.427931	0.682367	1.004988	1.625769	1.279893	
1.573412	1.775704	1.202601	0.866747	1.420607	1.213724	1.361295	0.467039	1.039832	0.477624	0.912414	1.503330	1.236932	0.534439	2.203548	1.671264	0.403887	2.051981	1.059481	2.375395	1.378858	2.023765	0.515388	0.436606	0.834416	1.789204	1.131923	0.731864	0.180278	1.790251	
1.485135	2.007019	1.131923	1.098294	1.636498	1.440703	1.133854	0.201556	1.308148	0.735272	0.651920	1.607016	1.030776	0.800391	2.330370	1.867652	0.485412	2.247360	1.252996	2.350532	1.402230	2.016340	0.450694	0.654313	1.098294	1.875167	1.231361	0.896172	0.447214	1.744276	
1.677982	1.333464	1.308148	0.443001	1.004054	0.784618	1.704589	0.905884	0.601041	0.025000	1.328533	1.281601	1.550000	0.265754	1.913276	1.279893	0.505594	1.655483	0.700000	2.337734	1.310057	1.968661	0.750417	0.477624	0.506211	1.583114	0.951972	0.493077	0.282843	1.811767	
1.526843	1.158123	1.485135	1.415318	1.035012	1.209339	2.360085	2.256103	1.823630	1.775528	2.419323	0.594243	2.170973	2.031317	0.145774	0.778621	1.711724	0.745822	1.116076	1.250250	0.985203	1.013040	1.806931	2.277060	2.098362	0.406971	0.965984	1.350926	1.977530	1.265158	
0.880696	1.299279	0.660492	0.866747	0.926350	0.916856	1.503537	1.340009	1.380670	1.060955	1.498332	0.335410	1.308625	1.345595	1.068000	0.942404	0.831039	1.241219	0.632456	1.274755	0.285044	0.903120	0.887764	1.520896	1.520280	0.575543	0.145774	0.590021	1.170470	0.838153	
1.138530	2.450765	1.431127	2.323924	2.202555	2.289651	2.050610	2.499000	2.830746	2.516446	2.408449	1.402007	1.927596	2.801116	1.425219	2.039914	2.178302	2.100298	2.055024	0.201556	1.226020	0.566789	2.102380	2.941088	2.987578	1.165386	1.609542	2.051828	2.572572	0.814325	
1.632674	0.760345	1.495410	1.082243	0.638847	0.831039	2.351728	2.084616	1.444386	1.475000	2.316247	0.540833	2.156965	1.708984	0.458939	0.371652	1.510174	0.436606	0.800000	1.570032	1.020417	1.275000	1.654728	1.975633	1.741049	0.575543	0.825379	1.103687	1.711724	1.443087	
0.875357	2.237465	1.147007	2.050152	1.963734	2.035313	1.811077	2.213594	2.560395	2.229910	2.139655	1.152443	1.675746	2.514210	1.294701	1.825171	1.886796	1.926460	1.789029	0.090139	0.938416	0.285044	1.812457	2.650472	2.706127	0.946375	1.331587	1.767767	2.281584	0.534439	
1.123610	1.101136	0.976281	0.950329	0.790569	0.866747	1.838818	1.667708	1.432000	1.249500	1.844756	0.025000	1.644878	1.523155	0.728011	0.701783	1.127497	0.939415	0.656220	1.252248	0.503115	0.901388	1.219119	1.741049	1.643358	0.313249	0.378319	0.794512	1.417965	0.976281	
1.044031	1.151086	0.875000	0.903120	0.813941	0.860959	1.732412	1.559247	1.399330	1.175266	1.732953	0.103078	1.538059	1.453444	0.838153	0.764853	1.025305	1.029563	0.620987	1.256234	0.419076	0.894427	1.109617	1.660196	1.590008	0.388104	0.275000	0.711512	1.328768	0.926350	
1.421487	1.256234	1.059481	0.360555	0.880696	0.689656	1.564649	0.901734	0.751665	0.265754	1.269350	1.013040	1.393287	0.550568	1.675746	1.119431	0.357946	1.500208	0.506211	2.053351	1.025914	1.683931	0.608790	0.735272	0.763217	1.312440	0.670820	0.213600	0.425735	1.535008	
0.980115	2.335193	1.264911	2.170829	2.071382	2.148982	1.904107	2.332515	2.680019	2.354384	2.248611	1.263428	1.775176	2.638773	1.355775	1.923051	2.011374	2.007642	1.906895	0.035355	1.063015	0.406971	1.934716	2.775450	2.829311	1.044031	1.453444	1.891593	2.406502	0.649038	
2.360350	1.476906	1.990132	0.887764	1.304320	1.092016	2.308679	1.403567	0.500625	0.694622	1.854218	1.851520	2.174425	0.443001	2.373025	1.608182	1.170470	1.932938	1.187697	2.987997	1.966119	2.616534	1.394633	0.570088	0.195256	2.149564	1.574206	1.133578	0.809707	2.485080	
0.201556	2.130288	0.506211	1.676678	1.775704	1.771475	1.152443	1.566246	2.186607	1.747319	1.463728	1.019804	1.004988	2.020056	1.520074	1.743022	1.325943	1.968661	1.480709	0.756637	0.575543	0.529741	1.200260	2.103717	2.255272	0.995615	0.990581	1.330648	1.732772	0.158114	
1.546165	0.650481	1.341641	0.756637	0.375000	0.527376	2.160006	1.800174	1.141271	1.150272	2.065490	0.475657	1.965006	1.383158	0.766893	0.261008	1.218862	0.583631	0.475657	1.676678	0.921954	1.340009	1.386768	1.650189	1.423025	0.670820	0.610328	0.798827	1.393287	1.425219	
0.285044	1.978952	0.467039	1.546165	1.626730	1.627882	1.217580	1.533786	2.058671	1.640122	1.475847	0.867828	1.055047	1.917355	1.386092	1.590990	1.241974	1.818310	1.340009	0.766893	0.427931	0.475657	1.141271	2.018044	2.142574	0.853302	0.848896	1.209339	1.646398	0.160078	
1.053862	1.176063	0.919918	0.995615	0.862047	0.930390	1.787631	1.652460	1.485345	1.276959	1.812457	0.050000	1.594522	1.554228	0.752080	0.776611	1.125000	1.007782	0.707107	1.185327	0.437321	0.831039	1.201301	1.762988	1.685601	0.285044	0.375832	0.814325	1.431782	0.901388	
2.292651	0.629484	2.142574	1.431127	0.869626	1.092016	2.983287	2.607681	1.600195	1.850000	2.893635	1.197132	2.788032	2.020210	0.834416	0.617454	2.024846	0.247487	1.231107	2.150145	1.677982	1.895059	2.210204	2.316247	1.954002	1.212693	1.434617	1.595306	2.130874	2.095382	
1.786232	1.891593	1.418185	0.998123	1.559848	1.342805	1.497707	0.555090	1.065950	0.581485	1.001249	1.711724	1.392839	0.520216	2.400130	1.827054	0.626997	2.205816	1.225765	2.598557	1.601952	2.247360	0.725000	0.301040	0.794512	2.001562	1.343968	0.925000	0.304138	2.011219	
1.640122	1.070047	1.581336	1.407347	0.986154	1.175266	2.455860	2.311114	1.789728	1.783606	2.493617	0.660019	2.265088	2.030394	0.111803	0.710634	1.755349	0.632456	1.113833	1.375909	1.081954	1.140175	1.865811	2.286099	2.079213	0.515388	1.020110	1.377044	2.000156	1.386768	
0.546008	1.700184	0.237171	1.098294	1.309819	1.252248	1.078483	1.085415	1.597263	1.137157	1.140175	0.743303	0.884590	1.410009	1.445035	1.364047	0.730154	1.671264	0.951315	1.252996	0.333542	0.910014	0.656220	1.505199	1.646587	0.906228	0.506211	0.735272	1.133578	0.672681	
1.350926	0.854400	1.085415	0.493077	0.460977	0.443001	1.852363	1.442654	0.972433	0.834416	1.719193	0.477624	1.659254	1.092016	1.054751	0.565685	0.860959	0.930054	0.195256	1.685415	0.760345	1.320984	1.035012	1.336507	1.187697	0.770146	0.350892	0.443001	1.052675	1.309819	
0.991527	1.669019	1.079352	1.594522	1.420607	1.520074	1.913929	2.053807	2.086265	1.848141	2.100298	0.637377	1.741049	2.130874	0.752080	1.257229	1.607210	1.350231	1.308148	0.637377	0.651920	0.371652	1.609542	2.315302	2.280351	0.380789	0.917878	1.376817	1.963734	0.671751	
1.686898	1.117195	1.640122	1.480709	1.051487	1.244237	2.515080	2.383406	1.858090	1.858259	2.561494	0.728869	2.325134	2.104311	0.055902	0.770146	1.829105	0.660019	1.187960	1.380670	1.140175	1.162164	1.937298	2.360747	2.150581	0.565685	1.092016	1.451938	2.075151	1.423464	
1.625000	0.577170	1.419947	0.775403	0.336341	0.515388	2.235089	1.857586	1.129712	1.179248	2.131901	0.550000	2.040221	1.402007	0.771767	0.182003	1.275000	0.515388	0.509902	1.739253	1.000625	1.407347	1.450216	1.675746	1.425219	0.728869	0.686477	0.850368	1.431782	1.500833	
1.581139	1.511622	1.206493	0.604669	1.162970	0.951972	1.525205	0.704450	0.798827	0.215058	1.130542	1.328768	1.378632	0.364005	2.000625	1.423025	0.369121	1.802776	0.818917	2.305022	1.282819	1.941649	0.588430	0.437321	0.654313	1.625000	0.972433	0.530330	0.103078	1.750179	
1.028652	2.125000	0.715891	1.274755	1.725724	1.574206	0.675000	0.375000	1.627882	1.035917	0.395285	1.444386	0.539676	1.202341	2.177298	1.892254	0.561805	2.253470	1.315770	1.947113	1.110180	1.644118	0.313249	1.130542	1.500833	1.662077	1.097725	0.950329	0.828402	1.329003	
2.100298	0.079057	1.858259	0.845946	0.325960	0.500000	2.617728	2.088660	0.950329	1.252996	2.429635	1.052675	2.426546	1.391492	1.131923	0.348210	1.520691	0.506211	0.735272	2.239001	1.482608	1.912132	1.741407	1.691892	1.305996	1.226020	1.116076	1.101136	1.547781	2.000156	
0.728869	2.336932	0.548293	1.564649	1.934231	1.820027	0.360555	0.781025	1.977530	1.400893	0.546008	1.472455	0.167705	1.598828	2.170541	2.046033	0.900000	2.378287	1.533175	1.681703	1.041933	1.430472	0.651920	1.550806	1.891593	1.625000	1.190851	1.202082	1.231107	1.075000	
0.364005	1.817278	0.328824	1.337208	1.450862	1.435705	1.175266	1.364276	1.848141	1.425219	1.355775	0.738664	0.995301	1.702939	1.345362	1.443087	1.035012	1.700735	1.142639	0.950329	0.261008	0.618466	0.951972	1.808660	1.927596	0.795692	0.654313	0.995615	1.437228	0.371652	
7	13	19	
7	13	19	
7	13	19	
7	13	19	
7	13	19	
7	13	19	
7	13	19	
7	13	19	
7	13	19	
7	13	19	
7	13	19	
7	13	19	
7	13	19	
7	13	19	
7	13	19	
7	13	19	
7	13	19	
7	13	19	
7	13	19	
7	13	19	
7	13	19	
7	13	19	
7	13	19	
7	13	19	
7	13	19	
7	13	19	
7	13	19	
7	13	19	
7	13	19	
7	13	19	
7	13	19	
7	13	19	
7	13	19	
7	13	19	
7	13	19	
7	13	19	
7	13	19	
7	13	19	
7	13	19	
7	13	19	
7	13	19	
7	13	19	
7	13	19	
7	13	19	
7	13	19	
7	13	19	
7	13	19	
7	13	19	
7	13	19	
7	13	19	
7	13	19	
7	13	19	
7	13	19	
7	13	19	
7	13	19	
7	13	19	
7	13	19	
7	13	19	
7	13	19	
7	13	19	
0.500000	0.500000	0.500000	
0.500000	0.500000	0.500000	
0.500000	0.500000	0.500000	
0.500000	0.500000	0.500000	
0.500000	0.500000	0.500000	
0.500000	0.500000	0.500000	
0.500000	0.500000	0.500000	
0.500000	0.500000	0.500000	
0.500000	0.500000	0.500000	
0.500000	0.500000	0.500000	
0.500000	0.500000	0.500000	
0.500000	0.500000	0.500000	
0.500000	0.500000	0.500000	
0.500000	0.500000	0.500000	
0.500000	0.500000	0.500000	
0.500000	0.500000	0.500000	
0.500000	0.500000	0.500000	
0.500000	0.500000	0.500000	
0.500000	0.500000	0.500000	
0.500000	0.500000	0.500000	
0.500000	0.500000	0.500000	
0.500000	0.500000	0.500000	
0.500000	0.500000	0.500000	
0.500000	0.500000	0.500000	
0.500000	0.500000	0.500000	
0.500000	0.500000	0.500000	
0.500000	0.500000	0.500000	
0.500000	0.500000	0.500000	
0.500000	0.500000	0.500000	
0.500000	0.500000	0.500000	
0.500000
252